1 -0.001331 0.002500
2 -0.000999 0.002217
3 -0.000666 0.001935
4 -0.000333 0.001652
5 0.000000 0.001370
6 0.000433 0.001652
7 0.000865 0.001935
8 0.001298 0.002217
9 0.001730 0.002500
10 0.002500 0.001730
11 0.002217 0.001298
12 0.001935 0.000865
13 0.001652 0.000433
14 0.001370 0.000000
15 0.001652 -0.000321
16 0.001935 -0.000643
17 0.002217 -0.000964
18 0.002500 -0.001285
19 0.001285 -0.002500
20 0.000964 -0.002217
21 0.000643 -0.001935
22 0.000321 -0.001652
23 0.000000 -0.001370
24 -0.000416 -0.001652
25 -0.000832 -0.001935
26 -0.001248 -0.002217
27 -0.001663 -0.002500
28 -0.002500 -0.001663
29 -0.002217 -0.001248
30 -0.001935 -0.000832
31 -0.001652 -0.000416
32 -0.001370 0.000000
33 -0.001652 0.000333
34 -0.001935 0.000666
35 -0.002217 0.000999
36 -0.002500 0.001331
37 0.003270 0.002500
38 0.003702 0.002145
39 0.004135 0.001790
40 0.004567 0.001435
41 0.005000 0.001080
42 0.005423 0.001435
43 0.005846 0.001790
44 0.006269 0.002145
45 0.006691 0.002500
46 0.007500 0.001691
47 0.007145 0.001269
48 0.006790 0.000846
49 0.006435 0.000423
50 0.006080 0.000000
51 0.006435 -0.000465
52 0.006790 -0.000931
53 0.007145 -0.001396
54 0.007500 -0.001861
55 0.006861 -0.002500
56 0.006396 -0.002145
57 0.005931 -0.001790
58 0.005465 -0.001435
59 0.005000 -0.001080
60 0.004679 -0.001435
61 0.004357 -0.001790
62 0.004036 -0.002145
63 0.003715 -0.002500
64 0.002855 -0.000964
65 0.003210 -0.000643
66 0.003565 -0.000321
67 0.003920 0.000000
68 0.003565 0.000433
69 0.003210 0.000865
70 0.002855 0.001298
71 0.008309 0.002500
72 0.008731 0.002107
73 0.009154 0.001714
74 0.009577 0.001321
75 0.010000 0.000927
76 0.010405 0.001321
77 0.010810 0.001714
78 0.011214 0.002107
79 0.011619 0.002500
80 0.012500 0.001619
81 0.012107 0.001214
82 0.011714 0.000810
83 0.011321 0.000405
84 0.010927 0.000000
85 0.011321 -0.000472
86 0.011714 -0.000944
87 0.012107 -0.001416
88 0.012500 -0.001888
89 0.011888 -0.002500
90 0.011416 -0.002107
91 0.010944 -0.001714
92 0.010472 -0.001321
93 0.010000 -0.000927
94 0.009535 -0.001321
95 0.009069 -0.001714
96 0.008604 -0.002107
97 0.008139 -0.002500
98 0.007893 -0.001396
99 0.008286 -0.000931
100 0.008679 -0.000465
101 0.009073 0.000000
102 0.008679 0.000423
103 0.008286 0.000846
104 0.007893 0.001269
105 0.013381 0.002500
106 0.013786 0.002113
107 0.014190 0.001726
108 0.014595 0.001340
109 0.015000 0.000953
110 0.015384 0.001340
111 0.015769 0.001726
112 0.016153 0.002113
113 0.016537 0.002500
114 0.017500 0.001537
115 0.017113 0.001153
116 0.016726 0.000769
117 0.016340 0.000384
118 0.015953 0.000000
119 0.016340 -0.000339
120 0.016726 -0.000678
121 0.017113 -0.001017
122 0.017500 -0.001357
123 0.016357 -0.002500
124 0.016017 -0.002113
125 0.015678 -0.001726
126 0.015339 -0.001340
127 0.015000 -0.000953
128 0.014528 -0.001340
129 0.014056 -0.001726
130 0.013584 -0.002113
131 0.013112 -0.002500
132 0.012887 -0.001416
133 0.013274 -0.000944
134 0.013660 -0.000472
135 0.014047 0.000000
136 0.013660 0.000405
137 0.013274 0.000810
138 0.012887 0.001214
139 0.018463 0.002500
140 0.018847 0.002066
141 0.019231 0.001633
142 0.019616 0.001199
143 0.020000 0.000765
144 0.020447 0.001199
145 0.020893 0.001633
146 0.021340 0.002066
147 0.021787 0.002500
148 0.022500 0.001787
149 0.022066 0.001340
150 0.021633 0.000893
151 0.021199 0.000447
152 0.020765 0.000000
153 0.021199 -0.000319
154 0.021633 -0.000639
155 0.022066 -0.000958
156 0.022500 -0.001278
157 0.021278 -0.002500
158 0.020958 -0.002066
159 0.020639 -0.001633
160 0.020319 -0.001199
161 0.020000 -0.000765
162 0.019661 -0.001199
163 0.019322 -0.001633
164 0.018983 -0.002066
165 0.018643 -0.002500
166 0.017934 -0.001017
167 0.018367 -0.000678
168 0.018801 -0.000339
169 0.019235 0.000000
170 0.018801 0.000384
171 0.018367 0.000769
172 0.017934 0.001153
173 0.023213 0.002500
174 0.023660 0.002069
175 0.024107 0.001638
176 0.024553 0.001206
177 0.025000 0.000775
178 0.025416 0.001206
179 0.025832 0.001638
180 0.026248 0.002069
181 0.026664 0.002500
182 0.027500 0.001664
183 0.027069 0.001248
184 0.026638 0.000832
185 0.026206 0.000416
186 0.025775 0.000000
187 0.026206 -0.000315
188 0.026638 -0.000629
189 0.027069 -0.000944
190 0.027500 -0.001259
191 0.026259 -0.002500
192 0.025944 -0.002069
193 0.025629 -0.001638
194 0.025315 -0.001206
195 0.025000 -0.000775
196 0.024681 -0.001206
197 0.024361 -0.001638
198 0.024042 -0.002069
199 0.023722 -0.002500
200 0.022931 -0.000958
201 0.023362 -0.000639
202 0.023794 -0.000319
203 0.024225 0.000000
204 0.023794 0.000447
205 0.023362 0.000893
206 0.022931 0.001340
207 0.028336 0.002500
208 0.028752 0.002105
209 0.029168 0.001710
210 0.029584 0.001314
211 0.030000 0.000919
212 0.030428 0.001314
213 0.030856 0.001710
214 0.031284 0.002105
215 0.031712 0.002500
216 0.032500 0.001712
217 0.032105 0.001284
218 0.031710 0.000856
219 0.031314 0.000428
220 0.030919 0.000000
221 0.031314 -0.000380
222 0.031710 -0.000759
223 0.032105 -0.001139
224 0.032500 -0.001518
225 0.031518 -0.002500
226 0.031139 -0.002105
227 0.030759 -0.001710
228 0.030380 -0.001314
229 0.030000 -0.000919
230 0.029685 -0.001314
231 0.029371 -0.001710
232 0.029056 -0.002105
233 0.028741 -0.002500
234 0.027895 -0.000944
235 0.028290 -0.000629
236 0.028686 -0.000315
237 0.029081 0.000000
238 0.028686 0.000416
239 0.028290 0.000832
240 0.027895 0.001248
241 0.033288 0.002500
242 0.033716 0.002137
243 0.034144 0.001775
244 0.034572 0.001412
245 0.035000 0.001049
246 0.035406 0.001412
247 0.035813 0.001775
248 0.036219 0.002137
249 0.036626 0.002500
250 0.037500 0.001626
251 0.037137 0.001219
252 0.036775 0.000813
253 0.036412 0.000406
254 0.036049 0.000000
255 0.036412 -0.000309
256 0.036775 -0.000619
257 0.037137 -0.000928
258 0.037500 -0.001238
259 0.036238 -0.002500
260 0.035928 -0.002137
261 0.035619 -0.001775
262 0.035309 -0.001412
263 0.035000 -0.001049
264 0.034620 -0.001412
265 0.034241 -0.001775
266 0.033861 -0.002137
267 0.033482 -0.002500
268 0.032863 -0.001139
269 0.033225 -0.000759
270 0.033588 -0.000380
271 0.033951 0.000000
272 0.033588 0.000428
273 0.033225 0.000856
274 0.032863 0.001284
275 0.038374 0.002500
276 0.038781 0.002052
277 0.039187 0.001605
278 0.039594 0.001157
279 0.040000 0.000709
280 0.040396 0.001157
281 0.040793 0.001605
282 0.041189 0.002052
283 0.041586 0.002500
284 0.042500 0.001586
285 0.042052 0.001189
286 0.041605 0.000793
287 0.041157 0.000396
288 0.040709 0.000000
289 0.041157 -0.000358
290 0.041605 -0.000717
291 0.042052 -0.001075
292 0.042500 -0.001433
293 0.041433 -0.002500
294 0.041075 -0.002052
295 0.040717 -0.001605
296 0.040358 -0.001157
297 0.040000 -0.000709
298 0.039691 -0.001157
299 0.039381 -0.001605
300 0.039072 -0.002052
301 0.038762 -0.002500
302 0.037948 -0.000928
303 0.038395 -0.000619
304 0.038843 -0.000309
305 0.039291 0.000000
306 0.038843 0.000406
307 0.038395 0.000813
308 0.037948 0.001219
309 0.043414 0.002500
310 0.043811 0.002073
311 0.044207 0.001645
312 0.044604 0.001218
313 0.045000 0.000790
314 0.045359 0.001218
315 0.045717 0.001645
316 0.046076 0.002073
317 0.046435 0.002500
318 0.047500 0.001435
319 0.047073 0.001076
320 0.046645 0.000717
321 0.046218 0.000359
322 0.045790 0.000000
323 0.046218 -0.000301
324 0.046645 -0.000602
325 0.047073 -0.000903
326 0.047500 -0.001205
327 0.046205 -0.002500
328 0.045903 -0.002073
329 0.045602 -0.001645
330 0.045301 -0.001218
331 0.045000 -0.000790
332 0.044642 -0.001218
333 0.044283 -0.001645
334 0.043925 -0.002073
335 0.043567 -0.002500
336 0.042927 -0.001075
337 0.043355 -0.000717
338 0.043782 -0.000358
339 0.044210 0.000000
340 0.043782 0.000396
341 0.043355 0.000793
342 0.042927 0.001189
343 0.048565 0.002500
344 0.048924 0.002025
345 0.049283 0.001550
346 0.049641 0.001075
347 0.050000 0.000601
348 0.050398 0.001075
349 0.050795 0.001550
350 0.051193 0.002025
351 0.051590 0.002500
352 0.052500 0.001590
353 0.052025 0.001193
354 0.051550 0.000795
355 0.051075 0.000398
356 0.050601 0.000000
357 0.051075 -0.000467
358 0.051550 -0.000935
359 0.052025 -0.001402
360 0.052500 -0.001870
361 0.051870 -0.002500
362 0.051402 -0.002025
363 0.050935 -0.001550
364 0.050467 -0.001075
365 0.050000 -0.000601
366 0.049699 -0.001075
367 0.049398 -0.001550
368 0.049097 -0.002025
369 0.048795 -0.002500
370 0.047975 -0.000903
371 0.048450 -0.000602
372 0.048925 -0.000301
373 0.049399 0.000000
374 0.048925 0.000359
375 0.048450 0.000717
376 0.047975 0.001076
377 0.053410 0.002500
378 0.053807 0.002057
379 0.054205 0.001614
380 0.054602 0.001172
381 0.055000 0.000729
382 0.055425 0.001172
383 0.055850 0.001614
384 0.056275 0.002057
385 0.056700 0.002500
386 0.057500 0.001700
387 0.057057 0.001275
388 0.056614 0.000850
389 0.056172 0.000425
390 0.055729 0.000000
391 0.056172 -0.000417
392 0.056614 -0.000833
393 0.057057 -0.001250
394 0.057500 -0.001666
395 0.056666 -0.002500
396 0.056250 -0.002057
397 0.055833 -0.001614
398 0.055417 -0.001172
399 0.055000 -0.000729
400 0.054533 -0.001172
401 0.054065 -0.001614
402 0.053598 -0.002057
403 0.053130 -0.002500
404 0.052943 -0.001402
405 0.053386 -0.000935
406 0.053828 -0.000467
407 0.054271 0.000000
408 0.053828 0.000398
409 0.053386 0.000795
410 0.052943 0.001193
411 0.058300 0.002500
412 0.058725 0.001910
413 0.059150 0.001321
414 0.059575 0.000731
415 0.060000 0.000141
416 0.060402 0.000731
417 0.060805 0.001321
418 0.061207 0.001910
419 0.061609 0.002500
420 0.062500 0.001609
421 0.061910 0.001207
422 0.061321 0.000805
423 0.060731 0.000402
424 0.060141 0.000000
425 0.060731 -0.000371
426 0.061321 -0.000743
427 0.061910 -0.001114
428 0.062500 -0.001486
429 0.061486 -0.002500
430 0.061114 -0.001910
431 0.060743 -0.001321
432 0.060371 -0.000731
433 0.060000 -0.000141
434 0.059583 -0.000731
435 0.059167 -0.001321
436 0.058750 -0.001910
437 0.058334 -0.002500
438 0.058090 -0.001250
439 0.058679 -0.000833
440 0.059269 -0.000417
441 0.059859 0.000000
442 0.059269 0.000425
443 0.058679 0.000850
444 0.058090 0.001275
445 0.063391 0.002500
446 0.063793 0.002101
447 0.064195 0.001703
448 0.064598 0.001304
449 0.065000 0.000906
450 0.065487 0.001304
451 0.065973 0.001703
452 0.066460 0.002101
453 0.066946 0.002500
454 0.067500 0.001946
455 0.067101 0.001460
456 0.066703 0.000973
457 0.066304 0.000487
458 0.065906 0.000000
459 0.066304 -0.000419
460 0.066703 -0.000839
461 0.067101 -0.001258
462 0.067500 -0.001677
463 0.066677 -0.002500
464 0.066258 -0.002101
465 0.065839 -0.001703
466 0.065419 -0.001304
467 0.065000 -0.000906
468 0.064629 -0.001304
469 0.064257 -0.001703
470 0.063886 -0.002101
471 0.063514 -0.002500
472 0.062899 -0.001114
473 0.063297 -0.000743
474 0.063696 -0.000371
475 0.064094 0.000000
476 0.063696 0.000402
477 0.063297 0.000805
478 0.062899 0.001207
479 0.068054 0.002500
480 0.068540 0.002116
481 0.069027 0.001731
482 0.069513 0.001347
483 0.070000 0.000962
484 0.070392 0.001347
485 0.070785 0.001731
486 0.071177 0.002116
487 0.071569 0.002500
488 0.072500 0.001569
489 0.072116 0.001177
490 0.071731 0.000785
491 0.071347 0.000392
492 0.070962 0.000000
493 0.071347 -0.000364
494 0.071731 -0.000727
495 0.072116 -0.001091
496 0.072500 -0.001455
497 0.071455 -0.002500
498 0.071091 -0.002116
499 0.070727 -0.001731
500 0.070364 -0.001347
501 0.070000 -0.000962
502 0.069581 -0.001347
503 0.069161 -0.001731
504 0.068742 -0.002116
505 0.068323 -0.002500
506 0.067884 -0.001258
507 0.068269 -0.000839
508 0.068653 -0.000419
509 0.069038 0.000000
510 0.068653 0.000487
511 0.068269 0.000973
512 0.067884 0.001460
513 0.073431 0.002500
514 0.073823 0.002160
515 0.074215 0.001820
516 0.074608 0.001480
517 0.075000 0.001140
518 0.075335 0.001480
519 0.075669 0.001820
520 0.076004 0.002160
521 0.076338 0.002500
522 0.077500 0.001338
523 0.077160 0.001004
524 0.076820 0.000669
525 0.076480 0.000335
526 0.076140 0.000000
527 0.076480 -0.000405
528 0.076820 -0.000810
529 0.077160 -0.001215
530 0.077500 -0.001619
531 0.076619 -0.002500
532 0.076215 -0.002160
533 0.075810 -0.001820
534 0.075405 -0.001480
535 0.075000 -0.001140
536 0.074636 -0.001480
537 0.074273 -0.001820
538 0.073909 -0.002160
539 0.073545 -0.002500
540 0.072840 -0.001091
541 0.073180 -0.000727
542 0.073520 -0.000364
543 0.073860 0.000000
544 0.073520 0.000392
545 0.073180 0.000785
546 0.072840 0.001177
547 0.078662 0.002500
548 0.078996 0.002136
549 0.079331 0.001771
550 0.079665 0.001407
551 0.080000 0.001043
552 0.080367 0.001407
553 0.080734 0.001771
554 0.081101 0.002136
555 0.081468 0.002500
556 0.082500 0.001468
557 0.082136 0.001101
558 0.081771 0.000734
559 0.081407 0.000367
560 0.081043 0.000000
561 0.081407 -0.000482
562 0.081771 -0.000965
563 0.082136 -0.001447
564 0.082500 -0.001930
565 0.081930 -0.002500
566 0.081447 -0.002136
567 0.080965 -0.001771
568 0.080482 -0.001407
569 0.080000 -0.001043
570 0.079595 -0.001407
571 0.079190 -0.001771
572 0.078785 -0.002136
573 0.078381 -0.002500
574 0.077864 -0.001215
575 0.078229 -0.000810
576 0.078593 -0.000405
577 0.078957 0.000000
578 0.078593 0.000335
579 0.078229 0.000669
580 0.077864 0.001004
581 0.083532 0.002500
582 0.083899 0.002058
583 0.084266 0.001615
584 0.084633 0.001173
585 0.085000 0.000731
586 0.085350 0.001173
587 0.085700 0.001615
588 0.086050 0.002058
589 0.086400 0.002500
590 0.087500 0.001400
591 0.087058 0.001050
592 0.086615 0.000700
593 0.086173 0.000350
594 0.085731 0.000000
595 0.086173 -0.000509
596 0.086615 -0.001018
597 0.087058 -0.001528
598 0.087500 -0.002037
599 0.087037 -0.002500
600 0.086528 -0.002058
601 0.086018 -0.001615
602 0.085509 -0.001173
603 0.085000 -0.000731
604 0.084518 -0.001173
605 0.084035 -0.001615
606 0.083553 -0.002058
607 0.083070 -0.002500
608 0.082942 -0.001447
609 0.083385 -0.000965
610 0.083827 -0.000482
611 0.084269 0.000000
612 0.083827 0.000367
613 0.083385 0.000734
614 0.082942 0.001101
615 0.088600 0.002500
616 0.088950 0.002172
617 0.089300 0.001844
618 0.089650 0.001517
619 0.090000 0.001189
620 0.090374 0.001517
621 0.090748 0.001844
622 0.091122 0.002172
623 0.091497 0.002500
624 0.092500 0.001497
625 0.092172 0.001122
626 0.091844 0.000748
627 0.091517 0.000374
628 0.091189 0.000000
629 0.091517 -0.000359
630 0.091844 -0.000717
631 0.092172 -0.001076
632 0.092500 -0.001435
633 0.091435 -0.002500
634 0.091076 -0.002172
635 0.090717 -0.001844
636 0.090359 -0.001517
637 0.090000 -0.001189
638 0.089491 -0.001517
639 0.088982 -0.001844
640 0.088472 -0.002172
641 0.087963 -0.002500
642 0.087828 -0.001528
643 0.088156 -0.001018
644 0.088483 -0.000509
645 0.088811 0.000000
646 0.088483 0.000350
647 0.088156 0.000700
648 0.087828 0.001050
649 0.093503 0.002500
650 0.093878 0.002007
651 0.094252 0.001513
652 0.094626 0.001020
653 0.095000 0.000526
654 0.095403 0.001020
655 0.095807 0.001513
656 0.096210 0.002007
657 0.096613 0.002500
658 0.097500 0.001613
659 0.097007 0.001210
660 0.096513 0.000807
661 0.096020 0.000403
662 0.095526 0.000000
663 0.096020 -0.000442
664 0.096513 -0.000884
665 0.097007 -0.001327
666 0.097500 -0.001769
667 0.096769 -0.002500
668 0.096327 -0.002007
669 0.095884 -0.001513
670 0.095442 -0.001020
671 0.095000 -0.000526
672 0.094641 -0.001020
673 0.094283 -0.001513
674 0.093924 -0.002007
675 0.093565 -0.002500
676 0.092993 -0.001076
677 0.093487 -0.000717
678 0.093980 -0.000359
679 0.094474 0.000000
680 0.093980 0.000374
681 0.093487 0.000748
682 0.092993 0.001122
683 -0.001644 0.007500
684 -0.001233 0.007103
685 -0.000822 0.006706
686 -0.000411 0.006308
687 0.000000 0.005911
688 0.000421 0.006308
689 0.000841 0.006706
690 0.001262 0.007103
691 0.001682 0.007500
692 0.002500 0.006682
693 0.002103 0.006262
694 0.001706 0.005841
695 0.001308 0.005421
696 0.000911 0.005000
697 0.001308 0.004567
698 0.001706 0.004135
699 0.002103 0.003702
700 0.002500 0.003270
701 0.001298 0.002897
702 0.000865 0.003294
703 0.000433 0.003692
704 0.000000 0.004089
705 -0.000333 0.003692
706 -0.000666 0.003294
707 -0.000999 0.002897
708 -0.002500 0.003669
709 -0.002103 0.004001
710 -0.001706 0.004334
711 -0.001308 0.004667
712 -0.000911 0.005000
713 -0.001308 0.005411
714 -0.001706 0.005822
715 -0.002103 0.006233
716 -0.002500 0.006644
717 0.003318 0.007500
718 0.003738 0.007120
719 0.004159 0.006741
720 0.004579 0.006361
721 0.005000 0.005982
722 0.005321 0.006361
723 0.005642 0.006741
724 0.005963 0.007120
725 0.006283 0.007500
726 0.007500 0.006283
727 0.007120 0.005963
728 0.006741 0.005642
729 0.006361 0.005321
730 0.005982 0.005000
731 0.006361 0.004577
732 0.006741 0.004154
733 0.007120 0.003731
734 0.007500 0.003309
735 0.006269 0.002880
736 0.005846 0.003259
737 0.005423 0.003639
738 0.005000 0.004018
739 0.004567 0.003639
740 0.004135 0.003259
741 0.003702 0.002880
742 0.002880 0.003702
743 0.003259 0.004135
744 0.003639 0.004567
745 0.004018 0.005000
746 0.003639 0.005421
747 0.003259 0.005841
748 0.002880 0.006262
749 0.008717 0.007500
750 0.009037 0.007105
751 0.009358 0.006710
752 0.009679 0.006315
753 0.010000 0.005920
754 0.010297 0.006315
755 0.010594 0.006710
756 0.010890 0.007105
757 0.011187 0.007500
758 0.012500 0.006187
759 0.012105 0.005890
760 0.011710 0.005594
761 0.011315 0.005297
762 0.010920 0.005000
763 0.011315 0.004595
764 0.011710 0.004190
765 0.012105 0.003786
766 0.012500 0.003381
767 0.011214 0.002895
768 0.010810 0.003290
769 0.010405 0.003685
770 0.010000 0.004080
771 0.009577 0.003685
772 0.009154 0.003290
773 0.008731 0.002895
774 0.007895 0.003731
775 0.008290 0.004154
776 0.008685 0.004577
777 0.009080 0.005000
778 0.008685 0.005321
779 0.008290 0.005642
780 0.007895 0.005963
781 0.013813 0.007500
782 0.014110 0.007135
783 0.014406 0.006770
784 0.014703 0.006405
785 0.015000 0.006040
786 0.015380 0.006405
787 0.015760 0.006770
788 0.016139 0.007135
789 0.016519 0.007500
790 0.017500 0.006519
791 0.017135 0.006139
792 0.016770 0.005760
793 0.016405 0.005380
794 0.016040 0.005000
795 0.016405 0.004616
796 0.016770 0.004231
797 0.017135 0.003847
798 0.017500 0.003463
799 0.016153 0.002865
800 0.015769 0.003230
801 0.015384 0.003595
802 0.015000 0.003960
803 0.014595 0.003595
804 0.014190 0.003230
805 0.013786 0.002865
806 0.012865 0.003786
807 0.013230 0.004190
808 0.013595 0.004595
809 0.013960 0.005000
810 0.013595 0.005297
811 0.013230 0.005594
812 0.012865 0.005890
813 0.018481 0.007500
814 0.018861 0.007112
815 0.019240 0.006724
816 0.019620 0.006337
817 0.020000 0.005949
818 0.020399 0.006337
819 0.020797 0.006724
820 0.021196 0.007112
821 0.021595 0.007500
822 0.022500 0.006595
823 0.022112 0.006196
824 0.021724 0.005797
825 0.021337 0.005399
826 0.020949 0.005000
827 0.021337 0.004553
828 0.021724 0.004107
829 0.022112 0.003660
830 0.022500 0.003213
831 0.021340 0.002888
832 0.020893 0.003276
833 0.020447 0.003663
834 0.020000 0.004051
835 0.019616 0.003663
836 0.019231 0.003276
837 0.018847 0.002888
838 0.017888 0.003847
839 0.018276 0.004231
840 0.018663 0.004616
841 0.019051 0.005000
842 0.018663 0.005380
843 0.018276 0.005760
844 0.017888 0.006139
845 0.023405 0.007500
846 0.023804 0.007112
847 0.024203 0.006723
848 0.024601 0.006335
849 0.025000 0.005947
850 0.025379 0.006335
851 0.025757 0.006723
852 0.026136 0.007112
853 0.026515 0.007500
854 0.027500 0.006515
855 0.027112 0.006136
856 0.026723 0.005757
857 0.026335 0.005379
858 0.025947 0.005000
859 0.026335 0.004584
860 0.026723 0.004168
861 0.027112 0.003752
862 0.027500 0.003336
863 0.026248 0.002888
864 0.025832 0.003277
865 0.025416 0.003665
866 0.025000 0.004053
867 0.024553 0.003665
868 0.024107 0.003277
869 0.023660 0.002888
870 0.022888 0.003660
871 0.023277 0.004107
872 0.023665 0.004553
873 0.024053 0.005000
874 0.023665 0.005399
875 0.023277 0.005797
876 0.022888 0.006196
877 0.028485 0.007500
878 0.028864 0.007134
879 0.029243 0.006768
880 0.029621 0.006402
881 0.030000 0.006036
882 0.030430 0.006402
883 0.030860 0.006768
884 0.031290 0.007134
885 0.031721 0.007500
886 0.032500 0.006721
887 0.032134 0.006290
888 0.031768 0.005860
889 0.031402 0.005430
890 0.031036 0.005000
891 0.031402 0.004572
892 0.031768 0.004144
893 0.032134 0.003716
894 0.032500 0.003288
895 0.031284 0.002866
896 0.030856 0.003232
897 0.030428 0.003598
898 0.030000 0.003964
899 0.029584 0.003598
900 0.029168 0.003232
901 0.028752 0.002866
902 0.027866 0.003752
903 0.028232 0.004168
904 0.028598 0.004584
905 0.028964 0.005000
906 0.028598 0.005379
907 0.028232 0.005757
908 0.027866 0.006136
909 0.033279 0.007500
910 0.033710 0.007048
911 0.034140 0.006597
912 0.034570 0.006145
913 0.035000 0.005693
914 0.035287 0.006145
915 0.035575 0.006597
916 0.035862 0.007048
917 0.036150 0.007500
918 0.037500 0.006150
919 0.037048 0.005862
920 0.036597 0.005575
921 0.036145 0.005287
922 0.035693 0.005000
923 0.036145 0.004594
924 0.036597 0.004187
925 0.037048 0.003781
926 0.037500 0.003374
927 0.036219 0.002952
928 0.035813 0.003403
929 0.035406 0.003855
930 0.035000 0.004307
931 0.034572 0.003855
932 0.034144 0.003403
933 0.033716 0.002952
934 0.032952 0.003716
935 0.033403 0.004144
936 0.033855 0.004572
937 0.034307 0.005000
938 0.033855 0.005430
939 0.033403 0.005860
940 0.032952 0.006290
941 0.038850 0.007500
942 0.039138 0.007103
943 0.039425 0.006705
944 0.039713 0.006308
945 0.040000 0.005911
946 0.040410 0.006308
947 0.040821 0.006705
948 0.041231 0.007103
949 0.041641 0.007500
950 0.042500 0.006641
951 0.042103 0.006231
952 0.041705 0.005821
953 0.041308 0.005410
954 0.040911 0.005000
955 0.041308 0.004604
956 0.041705 0.004207
957 0.042103 0.003811
958 0.042500 0.003414
959 0.041189 0.002897
960 0.040793 0.003295
961 0.040396 0.003692
962 0.040000 0.004089
963 0.039594 0.003692
964 0.039187 0.003295
965 0.038781 0.002897
966 0.037897 0.003781
967 0.038295 0.004187
968 0.038692 0.004594
969 0.039089 0.005000
970 0.038692 0.005287
971 0.038295 0.005575
972 0.037897 0.005862
973 0.043359 0.007500
974 0.043769 0.007091
975 0.044179 0.006681
976 0.044590 0.006272
977 0.045000 0.005863
978 0.045490 0.006272
979 0.045980 0.006681
980 0.046470 0.007091
981 0.046960 0.007500
982 0.047500 0.006960
983 0.047091 0.006470
984 0.046681 0.005980
985 0.046272 0.005490
986 0.045863 0.005000
987 0.046272 0.004641
988 0.046681 0.004283
989 0.047091 0.003924
990 0.047500 0.003565
991 0.046076 0.002909
992 0.045717 0.003319
993 0.045359 0.003728
994 0.045000 0.004137
995 0.044604 0.003728
996 0.044207 0.003319
997 0.043811 0.002909
998 0.042909 0.003811
999 0.043319 0.004207
1000 0.043728 0.004604
1001 0.044137 0.005000
1002 0.043728 0.005410
1003 0.043319 0.005821
1004 0.042909 0.006231
1005 0.048040 0.007500
1006 0.048530 0.007139
1007 0.049020 0.006778
1008 0.049510 0.006417
1009 0.050000 0.006056
1010 0.050385 0.006417
1011 0.050770 0.006778
1012 0.051154 0.007139
1013 0.051539 0.007500
1014 0.052500 0.006539
1015 0.052139 0.006154
1016 0.051778 0.005770
1017 0.051417 0.005385
1018 0.051056 0.005000
1019 0.051417 0.004602
1020 0.051778 0.004205
1021 0.052139 0.003807
1022 0.052500 0.003410
1023 0.051193 0.002861
1024 0.050795 0.003222
1025 0.050398 0.003583
1026 0.050000 0.003944
1027 0.049641 0.003583
1028 0.049283 0.003222
1029 0.048924 0.002861
1030 0.047861 0.003924
1031 0.048222 0.004283
1032 0.048583 0.004641
1033 0.048944 0.005000
1034 0.048583 0.005490
1035 0.048222 0.005980
1036 0.047861 0.006470
1037 0.053461 0.007500
1038 0.053846 0.007104
1039 0.054230 0.006707
1040 0.054615 0.006311
1041 0.055000 0.005915
1042 0.055341 0.006311
1043 0.055683 0.006707
1044 0.056024 0.007104
1045 0.056366 0.007500
1046 0.057500 0.006366
1047 0.057104 0.006024
1048 0.056707 0.005683
1049 0.056311 0.005341
1050 0.055915 0.005000
1051 0.056311 0.004575
1052 0.056707 0.004150
1053 0.057104 0.003725
1054 0.057500 0.003300
1055 0.056275 0.002896
1056 0.055850 0.003293
1057 0.055425 0.003689
1058 0.055000 0.004085
1059 0.054602 0.003689
1060 0.054205 0.003293
1061 0.053807 0.002896
1062 0.052896 0.003807
1063 0.053293 0.004205
1064 0.053689 0.004602
1065 0.054085 0.005000
1066 0.053689 0.005385
1067 0.053293 0.005770
1068 0.052896 0.006154
1069 0.058634 0.007500
1070 0.058976 0.007188
1071 0.059317 0.006876
1072 0.059659 0.006565
1073 0.060000 0.006253
1074 0.060274 0.006565
1075 0.060548 0.006876
1076 0.060821 0.007188
1077 0.061095 0.007500
1078 0.062500 0.006095
1079 0.062188 0.005821
1080 0.061876 0.005548
1081 0.061565 0.005274
1082 0.061253 0.005000
1083 0.061565 0.004598
1084 0.061876 0.004195
1085 0.062188 0.003793
1086 0.062500 0.003391
1087 0.061207 0.002812
1088 0.060805 0.003124
1089 0.060402 0.003435
1090 0.060000 0.003747
1091 0.059575 0.003435
1092 0.059150 0.003124
1093 0.058725 0.002812
1094 0.057812 0.003725
1095 0.058124 0.004150
1096 0.058435 0.004575
1097 0.058747 0.005000
1098 0.058435 0.005341
1099 0.058124 0.005683
1100 0.057812 0.006024
1101 0.063905 0.007500
1102 0.064179 0.007062
1103 0.064452 0.006623
1104 0.064726 0.006185
1105 0.065000 0.005747
1106 0.065414 0.006185
1107 0.065829 0.006623
1108 0.066243 0.007062
1109 0.066658 0.007500
1110 0.067500 0.006658
1111 0.067062 0.006243
1112 0.066623 0.005829
1113 0.066185 0.005414
1114 0.065747 0.005000
1115 0.066185 0.004513
1116 0.066623 0.004027
1117 0.067062 0.003540
1118 0.067500 0.003054
1119 0.066460 0.002938
1120 0.065973 0.003377
1121 0.065487 0.003815
1122 0.065000 0.004253
1123 0.064598 0.003815
1124 0.064195 0.003377
1125 0.063793 0.002938
1126 0.062938 0.003793
1127 0.063377 0.004195
1128 0.063815 0.004598
1129 0.064253 0.005000
1130 0.063815 0.005274
1131 0.063377 0.005548
1132 0.062938 0.005821
1133 0.068342 0.007500
1134 0.068757 0.007134
1135 0.069171 0.006769
1136 0.069586 0.006403
1137 0.070000 0.006037
1138 0.070511 0.006403
1139 0.071023 0.006769
1140 0.071534 0.007134
1141 0.072045 0.007500
1142 0.072500 0.007045
1143 0.072134 0.006534
1144 0.071769 0.006023
1145 0.071403 0.005511
1146 0.071037 0.005000
1147 0.071403 0.004608
1148 0.071769 0.004215
1149 0.072134 0.003823
1150 0.072500 0.003431
1151 0.071177 0.002866
1152 0.070785 0.003231
1153 0.070392 0.003597
1154 0.070000 0.003963
1155 0.069513 0.003597
1156 0.069027 0.003231
1157 0.068540 0.002866
1158 0.067866 0.003540
1159 0.068231 0.004027
1160 0.068597 0.004513
1161 0.068963 0.005000
1162 0.068597 0.005414
1163 0.068231 0.005829
1164 0.067866 0.006243
1165 0.072955 0.007500
1166 0.073466 0.007158
1167 0.073977 0.006815
1168 0.074489 0.006473
1169 0.075000 0.006131
1170 0.075323 0.006473
1171 0.075647 0.006815
1172 0.075970 0.007158
1173 0.076293 0.007500
1174 0.077500 0.006293
1175 0.077158 0.005970
1176 0.076815 0.005647
1177 0.076473 0.005323
1178 0.076131 0.005000
1179 0.076473 0.004665
1180 0.076815 0.004331
1181 0.077158 0.003996
1182 0.077500 0.003662
1183 0.076004 0.002842
1184 0.075669 0.003185
1185 0.075335 0.003527
1186 0.075000 0.003869
1187 0.074608 0.003527
1188 0.074215 0.003185
1189 0.073823 0.002842
1190 0.072842 0.003823
1191 0.073185 0.004215
1192 0.073527 0.004608
1193 0.073869 0.005000
1194 0.073527 0.005511
1195 0.073185 0.006023
1196 0.072842 0.006534
1197 0.078707 0.007500
1198 0.079030 0.007107
1199 0.079353 0.006713
1200 0.079677 0.006320
1201 0.080000 0.005926
1202 0.080360 0.006320
1203 0.080721 0.006713
1204 0.081081 0.007107
1205 0.081442 0.007500
1206 0.082500 0.006442
1207 0.082107 0.006081
1208 0.081713 0.005721
1209 0.081320 0.005360
1210 0.080926 0.005000
1211 0.081320 0.004633
1212 0.081713 0.004266
1213 0.082107 0.003899
1214 0.082500 0.003532
1215 0.081101 0.002893
1216 0.080734 0.003287
1217 0.080367 0.003680
1218 0.080000 0.004074
1219 0.079665 0.003680
1220 0.079331 0.003287
1221 0.078996 0.002893
1222 0.077893 0.003996
1223 0.078287 0.004331
1224 0.078680 0.004665
1225 0.079074 0.005000
1226 0.078680 0.005323
1227 0.078287 0.005647
1228 0.077893 0.005970
1229 0.083558 0.007500
1230 0.083919 0.007057
1231 0.084279 0.006614
1232 0.084640 0.006170
1233 0.085000 0.005727
1234 0.085338 0.006170
1235 0.085676 0.006614
1236 0.086015 0.007057
1237 0.086353 0.007500
1238 0.087500 0.006353
1239 0.087057 0.006015
1240 0.086614 0.005676
1241 0.086170 0.005338
1242 0.085727 0.005000
1243 0.086170 0.004650
1244 0.086614 0.004300
1245 0.087057 0.003950
1246 0.087500 0.003600
1247 0.086050 0.002943
1248 0.085700 0.003386
1249 0.085350 0.003830
1250 0.085000 0.004273
1251 0.084633 0.003830
1252 0.084266 0.003386
1253 0.083899 0.002943
1254 0.082943 0.003899
1255 0.083386 0.004266
1256 0.083830 0.004633
1257 0.084273 0.005000
1258 0.083830 0.005360
1259 0.083386 0.005721
1260 0.082943 0.006081
1261 0.088647 0.007500
1262 0.088985 0.007137
1263 0.089324 0.006774
1264 0.089662 0.006412
1265 0.090000 0.006049
1266 0.090289 0.006412
1267 0.090577 0.006774
1268 0.090866 0.007137
1269 0.091154 0.007500
1270 0.092500 0.006154
1271 0.092137 0.005866
1272 0.091774 0.005577
1273 0.091412 0.005289
1274 0.091049 0.005000
1275 0.091412 0.004626
1276 0.091774 0.004252
1277 0.092137 0.003878
1278 0.092500 0.003503
1279 0.091122 0.002863
1280 0.090748 0.003226
1281 0.090374 0.003588
1282 0.090000 0.003951
1283 0.089650 0.003588
1284 0.089300 0.003226
1285 0.088950 0.002863
1286 0.087863 0.003950
1287 0.088226 0.004300
1288 0.088588 0.004650
1289 0.088951 0.005000
1290 0.088588 0.005338
1291 0.088226 0.005676
1292 0.087863 0.006015
1293 0.093846 0.007500
1294 0.094134 0.007078
1295 0.094423 0.006656
1296 0.094711 0.006234
1297 0.095000 0.005812
1298 0.095392 0.006234
1299 0.095783 0.006656
1300 0.096175 0.007078
1301 0.096567 0.007500
1302 0.097500 0.006567
1303 0.097078 0.006175
1304 0.096656 0.005783
1305 0.096234 0.005392
1306 0.095812 0.005000
1307 0.096234 0.004597
1308 0.096656 0.004193
1309 0.097078 0.003790
1310 0.097500 0.003387
1311 0.096210 0.002922
1312 0.095807 0.003344
1313 0.095403 0.003766
1314 0.095000 0.004188
1315 0.094626 0.003766
1316 0.094252 0.003344
1317 0.093878 0.002922
1318 0.092922 0.003878
1319 0.093344 0.004252
1320 0.093766 0.004626
1321 0.094188 0.005000
1322 0.093766 0.005289
1323 0.093344 0.005577
1324 0.092922 0.005866
1325 -0.002100 0.012500
1326 -0.001575 0.012083
1327 -0.001050 0.011665
1328 -0.000525 0.011248
1329 0.000000 0.010831
1330 0.000413 0.011248
1331 0.000826 0.011665
1332 0.001239 0.012083
1333 0.001652 0.012500
1334 0.002500 0.011652
1335 0.002083 0.011239
1336 0.001665 0.010826
1337 0.001248 0.010413
1338 0.000831 0.010000
1339 0.001248 0.009579
1340 0.001665 0.009159
1341 0.002083 0.008738
1342 0.002500 0.008318
1343 0.001262 0.007917
1344 0.000841 0.008335
1345 0.000421 0.008752
1346 0.000000 0.009169
1347 -0.000411 0.008752
1348 -0.000822 0.008335
1349 -0.001233 0.007917
1350 -0.002500 0.008356
1351 -0.002083 0.008767
1352 -0.001665 0.009178
1353 -0.001248 0.009589
1354 -0.000831 0.010000
1355 -0.001248 0.010525
1356 -0.001665 0.011050
1357 -0.002083 0.011575
1358 -0.002500 0.012100
1359 0.003348 0.012500
1360 0.003761 0.012134
1361 0.004174 0.011769
1362 0.004587 0.011403
1363 0.005000 0.011037
1364 0.005385 0.011403
1365 0.005769 0.011769
1366 0.006154 0.012134
1367 0.006538 0.012500
1368 0.007500 0.011538
1369 0.007134 0.011154
1370 0.006769 0.010769
1371 0.006403 0.010385
1372 0.006037 0.010000
1373 0.006403 0.009679
1374 0.006769 0.009358
1375 0.007134 0.009037
1376 0.007500 0.008717
1377 0.005963 0.007866
1378 0.005642 0.008231
1379 0.005321 0.008597
1380 0.005000 0.008963
1381 0.004579 0.008597
1382 0.004159 0.008231
1383 0.003738 0.007866
1384 0.002866 0.008738
1385 0.003231 0.009159
1386 0.003597 0.009579
1387 0.003963 0.010000
1388 0.003597 0.010413
1389 0.003231 0.010826
1390 0.002866 0.011239
1391 0.008462 0.012500
1392 0.008846 0.012155
1393 0.009231 0.011809
1394 0.009615 0.011464
1395 0.010000 0.011119
1396 0.010388 0.011464
1397 0.010777 0.011809
1398 0.011165 0.012155
1399 0.011554 0.012500
1400 0.012500 0.011554
1401 0.012155 0.011165
1402 0.011809 0.010777
1403 0.011464 0.010388
1404 0.011119 0.010000
1405 0.011464 0.009703
1406 0.011809 0.009406
1407 0.012155 0.009110
1408 0.012500 0.008813
1409 0.010890 0.007845
1410 0.010594 0.008191
1411 0.010297 0.008536
1412 0.010000 0.008881
1413 0.009679 0.008536
1414 0.009358 0.008191
1415 0.009037 0.007845
1416 0.007845 0.009037
1417 0.008191 0.009358
1418 0.008536 0.009679
1419 0.008881 0.010000
1420 0.008536 0.010385
1421 0.008191 0.010769
1422 0.007845 0.011154
1423 0.013446 0.012500
1424 0.013835 0.012069
1425 0.014223 0.011637
1426 0.014612 0.011206
1427 0.015000 0.010774
1428 0.015386 0.011206
1429 0.015772 0.011637
1430 0.016158 0.012069
1431 0.016544 0.012500
1432 0.017500 0.011544
1433 0.017069 0.011158
1434 0.016637 0.010772
1435 0.016206 0.010386
1436 0.015774 0.010000
1437 0.016206 0.009620
1438 0.016637 0.009240
1439 0.017069 0.008861
1440 0.017500 0.008481
1441 0.016139 0.007931
1442 0.015760 0.008363
1443 0.015380 0.008794
1444 0.015000 0.009226
1445 0.014703 0.008794
1446 0.014406 0.008363
1447 0.014110 0.007931
1448 0.012931 0.009110
1449 0.013363 0.009406
1450 0.013794 0.009703
1451 0.014226 0.010000
1452 0.013794 0.010388
1453 0.013363 0.010777
1454 0.012931 0.011165
1455 0.018456 0.012500
1456 0.018842 0.012151
1457 0.019228 0.011802
1458 0.019614 0.011453
1459 0.020000 0.011103
1460 0.020419 0.011453
1461 0.020837 0.011802
1462 0.021256 0.012151
1463 0.021674 0.012500
1464 0.022500 0.011674
1465 0.022151 0.011256
1466 0.021802 0.010837
1467 0.021453 0.010419
1468 0.021103 0.010000
1469 0.021453 0.009601
1470 0.021802 0.009203
1471 0.022151 0.008804
1472 0.022500 0.008405
1473 0.021196 0.007849
1474 0.020797 0.008198
1475 0.020399 0.008547
1476 0.020000 0.008897
1477 0.019620 0.008547
1478 0.019240 0.008198
1479 0.018861 0.007849
1480 0.017849 0.008861
1481 0.018198 0.009240
1482 0.018547 0.009620
1483 0.018897 0.010000
1484 0.018547 0.010386
1485 0.018198 0.010772
1486 0.017849 0.011158
1487 0.023326 0.012500
1488 0.023744 0.012140
1489 0.024163 0.011780
1490 0.024581 0.011419
1491 0.025000 0.011059
1492 0.025337 0.011419
1493 0.025675 0.011780
1494 0.026012 0.012140
1495 0.026349 0.012500
1496 0.027500 0.011349
1497 0.027140 0.011012
1498 0.026780 0.010675
1499 0.026419 0.010337
1500 0.026059 0.010000
1501 0.026419 0.009621
1502 0.026780 0.009243
1503 0.027140 0.008864
1504 0.027500 0.008485
1505 0.026136 0.007860
1506 0.025757 0.008220
1507 0.025379 0.008581
1508 0.025000 0.008941
1509 0.024601 0.008581
1510 0.024203 0.008220
1511 0.023804 0.007860
1512 0.022860 0.008804
1513 0.023220 0.009203
1514 0.023581 0.009601
1515 0.023941 0.010000
1516 0.023581 0.010419
1517 0.023220 0.010837
1518 0.022860 0.011256
1519 0.028651 0.012500
1520 0.028988 0.012177
1521 0.029325 0.011855
1522 0.029663 0.011532
1523 0.030000 0.011210
1524 0.030290 0.011532
1525 0.030580 0.011855
1526 0.030870 0.012177
1527 0.031160 0.012500
1528 0.032500 0.011160
1529 0.032177 0.010870
1530 0.031855 0.010580
1531 0.031532 0.010290
1532 0.031210 0.010000
1533 0.031532 0.009570
1534 0.031855 0.009140
1535 0.032177 0.008710
1536 0.032500 0.008279
1537 0.031290 0.007823
1538 0.030860 0.008145
1539 0.030430 0.008468
1540 0.030000 0.008790
1541 0.029621 0.008468
1542 0.029243 0.008145
1543 0.028864 0.007823
1544 0.027823 0.008864
1545 0.028145 0.009243
1546 0.028468 0.009621
1547 0.028790 0.010000
1548 0.028468 0.010337
1549 0.028145 0.010675
1550 0.027823 0.011012
1551 0.033840 0.012500
1552 0.034130 0.012187
1553 0.034420 0.011874
1554 0.034710 0.011560
1555 0.035000 0.011247
1556 0.035401 0.011560
1557 0.035802 0.011874
1558 0.036204 0.012187
1559 0.036605 0.012500
1560 0.037500 0.011605
1561 0.037187 0.011204
1562 0.036874 0.010802
1563 0.036560 0.010401
1564 0.036247 0.010000
1565 0.036560 0.009713
1566 0.036874 0.009425
1567 0.037187 0.009138
1568 0.037500 0.008850
1569 0.035862 0.007813
1570 0.035575 0.008126
1571 0.035287 0.008440
1572 0.035000 0.008753
1573 0.034570 0.008440
1574 0.034140 0.008126
1575 0.033710 0.007813
1576 0.032813 0.008710
1577 0.033126 0.009140
1578 0.033440 0.009570
1579 0.033753 0.010000
1580 0.033440 0.010290
1581 0.033126 0.010580
1582 0.032813 0.010870
1583 0.038395 0.012500
1584 0.038796 0.012113
1585 0.039198 0.011726
1586 0.039599 0.011340
1587 0.040000 0.010953
1588 0.040371 0.011340
1589 0.040742 0.011726
1590 0.041114 0.012113
1591 0.041485 0.012500
1592 0.042500 0.011485
1593 0.042113 0.011114
1594 0.041726 0.010742
1595 0.041340 0.010371
1596 0.040953 0.010000
1597 0.041340 0.009590
1598 0.041726 0.009179
1599 0.042113 0.008769
1600 0.042500 0.008359
1601 0.041231 0.007887
1602 0.040821 0.008274
1603 0.040410 0.008660
1604 0.040000 0.009047
1605 0.039713 0.008660
1606 0.039425 0.008274
1607 0.039138 0.007887
1608 0.037887 0.009138
1609 0.038274 0.009425
1610 0.038660 0.009713
1611 0.039047 0.010000
1612 0.038660 0.010401
1613 0.038274 0.010802
1614 0.037887 0.011204
1615 0.043515 0.012500
1616 0.043886 0.012084
1617 0.044258 0.011668
1618 0.044629 0.011252
1619 0.045000 0.010836
1620 0.045354 0.011252
1621 0.045708 0.011668
1622 0.046062 0.012084
1623 0.046416 0.012500
1624 0.047500 0.011416
1625 0.047084 0.011062
1626 0.046668 0.010708
1627 0.046252 0.010354
1628 0.045836 0.010000
1629 0.046252 0.009510
1630 0.046668 0.009020
1631 0.047084 0.008530
1632 0.047500 0.008040
1633 0.046470 0.007916
1634 0.045980 0.008332
1635 0.045490 0.008748
1636 0.045000 0.009164
1637 0.044590 0.008748
1638 0.044179 0.008332
1639 0.043769 0.007916
1640 0.042916 0.008769
1641 0.043332 0.009179
1642 0.043748 0.009590
1643 0.044164 0.010000
1644 0.043748 0.010371
1645 0.043332 0.010742
1646 0.042916 0.011114
1647 0.048584 0.012500
1648 0.048938 0.012096
1649 0.049292 0.011692
1650 0.049646 0.011288
1651 0.050000 0.010884
1652 0.050311 0.011288
1653 0.050622 0.011692
1654 0.050933 0.012096
1655 0.051243 0.012500
1656 0.052500 0.011243
1657 0.052096 0.010933
1658 0.051692 0.010622
1659 0.051288 0.010311
1660 0.050884 0.010000
1661 0.051288 0.009615
1662 0.051692 0.009230
1663 0.052096 0.008846
1664 0.052500 0.008461
1665 0.051154 0.007904
1666 0.050770 0.008308
1667 0.050385 0.008712
1668 0.050000 0.009116
1669 0.049510 0.008712
1670 0.049020 0.008308
1671 0.048530 0.007904
1672 0.047904 0.008530
1673 0.048308 0.009020
1674 0.048712 0.009510
1675 0.049116 0.010000
1676 0.048712 0.010354
1677 0.048308 0.010708
1678 0.047904 0.011062
1679 0.053757 0.012500
1680 0.054067 0.012205
1681 0.054378 0.011910
1682 0.054689 0.011615
1683 0.055000 0.011321
1684 0.055378 0.011615
1685 0.055755 0.011910
1686 0.056133 0.012205
1687 0.056510 0.012500
1688 0.057500 0.011510
1689 0.057205 0.011133
1690 0.056910 0.010755
1691 0.056615 0.010378
1692 0.056321 0.010000
1693 0.056615 0.009659
1694 0.056910 0.009317
1695 0.057205 0.008976
1696 0.057500 0.008634
1697 0.056024 0.007795
1698 0.055683 0.008090
1699 0.055341 0.008385
1700 0.055000 0.008679
1701 0.054615 0.008385
1702 0.054230 0.008090
1703 0.053846 0.007795
1704 0.052795 0.008846
1705 0.053090 0.009230
1706 0.053385 0.009615
1707 0.053679 0.010000
1708 0.053385 0.010311
1709 0.053090 0.010622
1710 0.052795 0.010933
1711 0.058490 0.012500
1712 0.058867 0.012031
1713 0.059245 0.011561
1714 0.059622 0.011092
1715 0.060000 0.010623
1716 0.060472 0.011092
1717 0.060943 0.011561
1718 0.061415 0.012031
1719 0.061886 0.012500
1720 0.062500 0.011886
1721 0.062031 0.011415
1722 0.061561 0.010943
1723 0.061092 0.010472
1724 0.060623 0.010000
1725 0.061092 0.009726
1726 0.061561 0.009452
1727 0.062031 0.009179
1728 0.062500 0.008905
1729 0.060821 0.007969
1730 0.060548 0.008439
1731 0.060274 0.008908
1732 0.060000 0.009377
1733 0.059659 0.008908
1734 0.059317 0.008439
1735 0.058976 0.007969
1736 0.057969 0.008976
1737 0.058439 0.009317
1738 0.058908 0.009659
1739 0.059377 0.010000
1740 0.058908 0.010378
1741 0.058439 0.010755
1742 0.057969 0.011133
1743 0.063114 0.012500
1744 0.063585 0.012062
1745 0.064057 0.011624
1746 0.064528 0.011185
1747 0.065000 0.010747
1748 0.065409 0.011185
1749 0.065818 0.011624
1750 0.066227 0.012062
1751 0.066636 0.012500
1752 0.067500 0.011636
1753 0.067062 0.011227
1754 0.066624 0.010818
1755 0.066185 0.010409
1756 0.065747 0.010000
1757 0.066185 0.009586
1758 0.066624 0.009171
1759 0.067062 0.008757
1760 0.067500 0.008342
1761 0.066243 0.007938
1762 0.065829 0.008376
1763 0.065414 0.008815
1764 0.065000 0.009253
1765 0.064726 0.008815
1766 0.064452 0.008376
1767 0.064179 0.007938
1768 0.062938 0.009179
1769 0.063376 0.009452
1770 0.063815 0.009726
1771 0.064253 0.010000
1772 0.063815 0.010472
1773 0.063376 0.010943
1774 0.062938 0.011415
1775 0.068364 0.012500
1776 0.068773 0.012112
1777 0.069182 0.011724
1778 0.069591 0.011335
1779 0.070000 0.010947
1780 0.070301 0.011335
1781 0.070602 0.011724
1782 0.070903 0.012112
1783 0.071205 0.012500
1784 0.072500 0.011205
1785 0.072112 0.010903
1786 0.071724 0.010602
1787 0.071335 0.010301
1788 0.070947 0.010000
1789 0.071335 0.009489
1790 0.071724 0.008977
1791 0.072112 0.008466
1792 0.072500 0.007955
1793 0.071534 0.007888
1794 0.071023 0.008276
1795 0.070511 0.008665
1796 0.070000 0.009053
1797 0.069586 0.008665
1798 0.069171 0.008276
1799 0.068757 0.007888
1800 0.067888 0.008757
1801 0.068276 0.009171
1802 0.068665 0.009586
1803 0.069053 0.010000
1804 0.068665 0.010409
1805 0.068276 0.010818
1806 0.067888 0.011227
1807 0.073795 0.012500
1808 0.074097 0.012058
1809 0.074398 0.011615
1810 0.074699 0.011173
1811 0.075000 0.010730
1812 0.075342 0.011173
1813 0.075683 0.011615
1814 0.076025 0.012058
1815 0.076366 0.012500
1816 0.077500 0.011366
1817 0.077058 0.011025
1818 0.076615 0.010683
1819 0.076173 0.010342
1820 0.075730 0.010000
1821 0.076173 0.009677
1822 0.076615 0.009353
1823 0.077058 0.009030
1824 0.077500 0.008707
1825 0.075970 0.007942
1826 0.075647 0.008385
1827 0.075323 0.008827
1828 0.075000 0.009270
1829 0.074489 0.008827
1830 0.073977 0.008385
1831 0.073466 0.007942
1832 0.072942 0.008466
1833 0.073385 0.008977
1834 0.073827 0.009489
1835 0.074270 0.010000
1836 0.073827 0.010301
1837 0.073385 0.010602
1838 0.072942 0.010903
1839 0.078634 0.012500
1840 0.078975 0.012038
1841 0.079317 0.011576
1842 0.079658 0.011114
1843 0.080000 0.010652
1844 0.080351 0.011114
1845 0.080701 0.011576
1846 0.081052 0.012038
1847 0.081403 0.012500
1848 0.082500 0.011403
1849 0.082038 0.011052
1850 0.081576 0.010701
1851 0.081114 0.010351
1852 0.080652 0.010000
1853 0.081114 0.009640
1854 0.081576 0.009279
1855 0.082038 0.008919
1856 0.082500 0.008558
1857 0.081081 0.007962
1858 0.080721 0.008424
1859 0.080360 0.008886
1860 0.080000 0.009348
1861 0.079677 0.008886
1862 0.079353 0.008424
1863 0.079030 0.007962
1864 0.077962 0.009030
1865 0.078424 0.009353
1866 0.078886 0.009677
1867 0.079348 0.010000
1868 0.078886 0.010342
1869 0.078424 0.010683
1870 0.077962 0.011025
1871 0.083597 0.012500
1872 0.083948 0.012204
1873 0.084299 0.011907
1874 0.084649 0.011611
1875 0.085000 0.011314
1876 0.085384 0.011611
1877 0.085768 0.011907
1878 0.086152 0.012204
1879 0.086535 0.012500
1880 0.087500 0.011535
1881 0.087204 0.011152
1882 0.086907 0.010768
1883 0.086611 0.010384
1884 0.086314 0.010000
1885 0.086611 0.009662
1886 0.086907 0.009324
1887 0.087204 0.008985
1888 0.087500 0.008647
1889 0.086015 0.007796
1890 0.085676 0.008093
1891 0.085338 0.008389
1892 0.085000 0.008686
1893 0.084640 0.008389
1894 0.084279 0.008093
1895 0.083919 0.007796
1896 0.082796 0.008919
1897 0.083093 0.009279
1898 0.083389 0.009640
1899 0.083686 0.010000
1900 0.083389 0.010351
1901 0.083093 0.010701
1902 0.082796 0.011052
1903 0.088465 0.012500
1904 0.088848 0.012174
1905 0.089232 0.011847
1906 0.089616 0.011521
1907 0.090000 0.011194
1908 0.090338 0.011521
1909 0.090677 0.011847
1910 0.091015 0.012174
1911 0.091354 0.012500
1912 0.092500 0.011354
1913 0.092174 0.011015
1914 0.091847 0.010677
1915 0.091521 0.010338
1916 0.091194 0.010000
1917 0.091521 0.009711
1918 0.091847 0.009423
1919 0.092174 0.009134
1920 0.092500 0.008846
1921 0.090866 0.007826
1922 0.090577 0.008153
1923 0.090289 0.008479
1924 0.090000 0.008806
1925 0.089662 0.008479
1926 0.089324 0.008153
1927 0.088985 0.007826
1928 0.087826 0.008985
1929 0.088153 0.009324
1930 0.088479 0.009662
1931 0.088806 0.010000
1932 0.088479 0.010384
1933 0.088153 0.010768
1934 0.087826 0.011152
1935 0.093646 0.012500
1936 0.093985 0.012124
1937 0.094323 0.011747
1938 0.094662 0.011371
1939 0.095000 0.010994
1940 0.095322 0.011371
1941 0.095644 0.011747
1942 0.095967 0.012124
1943 0.096289 0.012500
1944 0.097500 0.011289
1945 0.097124 0.010967
1946 0.096747 0.010644
1947 0.096371 0.010322
1948 0.095994 0.010000
1949 0.096371 0.009608
1950 0.096747 0.009217
1951 0.097124 0.008825
1952 0.097500 0.008433
1953 0.096175 0.007876
1954 0.095783 0.008253
1955 0.095392 0.008629
1956 0.095000 0.009006
1957 0.094711 0.008629
1958 0.094423 0.008253
1959 0.094134 0.007876
1960 0.092876 0.009134
1961 0.093253 0.009423
1962 0.093629 0.009711
1963 0.094006 0.010000
1964 0.093629 0.010338
1965 0.093253 0.010677
1966 0.092876 0.011015
1967 -0.001378 0.017500
1968 -0.001033 0.017121
1969 -0.000689 0.016742
1970 -0.000344 0.016363
1971 0.000000 0.015984
1972 0.000390 0.016363
1973 0.000780 0.016742
1974 0.001170 0.017121
1975 0.001560 0.017500
1976 0.002500 0.016560
1977 0.002121 0.016170
1978 0.001742 0.015780
1979 0.001363 0.015390
1980 0.000984 0.015000
1981 0.001363 0.014587
1982 0.001742 0.014174
1983 0.002121 0.013761
1984 0.002500 0.013348
1985 0.001239 0.012879
1986 0.000826 0.013258
1987 0.000413 0.013637
1988 0.000000 0.014016
1989 -0.000525 0.013637
1990 -0.001050 0.013258
1991 -0.001575 0.012879
1992 -0.002500 0.012900
1993 -0.002121 0.013425
1994 -0.001742 0.013950
1995 -0.001363 0.014475
1996 -0.000984 0.015000
1997 -0.001363 0.015344
1998 -0.001742 0.015689
1999 -0.002121 0.016033
2000 -0.002500 0.016378
2001 0.003440 0.017500
2002 0.003830 0.017095
2003 0.004220 0.016691
2004 0.004610 0.016286
2005 0.005000 0.015881
2006 0.005406 0.016286
2007 0.005811 0.016691
2008 0.006217 0.017095
2009 0.006622 0.017500
2010 0.007500 0.016622
2011 0.007095 0.016217
2012 0.006691 0.015811
2013 0.006286 0.015406
2014 0.005881 0.015000
2015 0.006286 0.014615
2016 0.006691 0.014231
2017 0.007095 0.013846
2018 0.007500 0.013462
2019 0.006154 0.012905
2020 0.005769 0.013309
2021 0.005385 0.013714
2022 0.005000 0.014119
2023 0.004587 0.013714
2024 0.004174 0.013309
2025 0.003761 0.012905
2026 0.002905 0.013761
2027 0.003309 0.014174
2028 0.003714 0.014587
2029 0.004119 0.015000
2030 0.003714 0.015390
2031 0.003309 0.015780
2032 0.002905 0.016170
2033 0.008378 0.017500
2034 0.008783 0.016972
2035 0.009189 0.016445
2036 0.009594 0.015917
2037 0.010000 0.015390
2038 0.010276 0.015917
2039 0.010551 0.016445
2040 0.010827 0.016972
2041 0.011102 0.017500
2042 0.012500 0.016102
2043 0.011972 0.015827
2044 0.011445 0.015551
2045 0.010917 0.015276
2046 0.010390 0.015000
2047 0.010917 0.014612
2048 0.011445 0.014223
2049 0.011972 0.013835
2050 0.012500 0.013446
2051 0.011165 0.013028
2052 0.010777 0.013555
2053 0.010388 0.014083
2054 0.010000 0.014610
2055 0.009615 0.014083
2056 0.009231 0.013555
2057 0.008846 0.013028
2058 0.008028 0.013846
2059 0.008555 0.014231
2060 0.009083 0.014615
2061 0.009610 0.015000
2062 0.009083 0.015406
2063 0.008555 0.015811
2064 0.008028 0.016217
2065 0.013898 0.017500
2066 0.014173 0.017142
2067 0.014449 0.016784
2068 0.014724 0.016426
2069 0.015000 0.016068
2070 0.015508 0.016426
2071 0.016016 0.016784
2072 0.016525 0.017142
2073 0.017033 0.017500
2074 0.017500 0.017033
2075 0.017142 0.016525
2076 0.016784 0.016016
2077 0.016426 0.015508
2078 0.016068 0.015000
2079 0.016426 0.014614
2080 0.016784 0.014228
2081 0.017142 0.013842
2082 0.017500 0.013456
2083 0.016158 0.012858
2084 0.015772 0.013216
2085 0.015386 0.013574
2086 0.015000 0.013932
2087 0.014612 0.013574
2088 0.014223 0.013216
2089 0.013835 0.012858
2090 0.012858 0.013835
2091 0.013216 0.014223
2092 0.013574 0.014612
2093 0.013932 0.015000
2094 0.013574 0.015276
2095 0.013216 0.015551
2096 0.012858 0.015827
2097 0.017967 0.017500
2098 0.018475 0.017117
2099 0.018984 0.016734
2100 0.019492 0.016351
2101 0.020000 0.015969
2102 0.020375 0.016351
2103 0.020750 0.016734
2104 0.021125 0.017117
2105 0.021500 0.017500
2106 0.022500 0.016500
2107 0.022117 0.016125
2108 0.021734 0.015750
2109 0.021351 0.015375
2110 0.020969 0.015000
2111 0.021351 0.014581
2112 0.021734 0.014163
2113 0.022117 0.013744
2114 0.022500 0.013326
2115 0.021256 0.012883
2116 0.020837 0.013266
2117 0.020419 0.013649
2118 0.020000 0.014031
2119 0.019614 0.013649
2120 0.019228 0.013266
2121 0.018842 0.012883
2122 0.017883 0.013842
2123 0.018266 0.014228
2124 0.018649 0.014614
2125 0.019031 0.015000
2126 0.018649 0.015508
2127 0.018266 0.016016
2128 0.017883 0.016525
2129 0.023500 0.017500
2130 0.023875 0.017091
2131 0.024250 0.016682
2132 0.024625 0.016272
2133 0.025000 0.015863
2134 0.025430 0.016272
2135 0.025861 0.016682
2136 0.026291 0.017091
2137 0.026721 0.017500
2138 0.027500 0.016721
2139 0.027091 0.016291
2140 0.026682 0.015861
2141 0.026272 0.015430
2142 0.025863 0.015000
2143 0.026272 0.014663
2144 0.026682 0.014325
2145 0.027091 0.013988
2146 0.027500 0.013651
2147 0.026012 0.012909
2148 0.025675 0.013318
2149 0.025337 0.013728
2150 0.025000 0.014137
2151 0.024581 0.013728
2152 0.024163 0.013318
2153 0.023744 0.012909
2154 0.022909 0.013744
2155 0.023318 0.014163
2156 0.023728 0.014581
2157 0.024137 0.015000
2158 0.023728 0.015375
2159 0.023318 0.015750
2160 0.022909 0.016125
2161 0.028279 0.017500
2162 0.028709 0.017015
2163 0.029139 0.016530
2164 0.029570 0.016045
2165 0.030000 0.015560
2166 0.030386 0.016045
2167 0.030772 0.016530
2168 0.031158 0.017015
2169 0.031543 0.017500
2170 0.032500 0.016543
2171 0.032015 0.016158
2172 0.031530 0.015772
2173 0.031045 0.015386
2174 0.030560 0.015000
2175 0.031045 0.014710
2176 0.031530 0.014420
2177 0.032015 0.014130
2178 0.032500 0.013840
2179 0.030870 0.012985
2180 0.030580 0.013470
2181 0.030290 0.013955
2182 0.030000 0.014440
2183 0.029663 0.013955
2184 0.029325 0.013470
2185 0.028988 0.012985
2186 0.027985 0.013988
2187 0.028470 0.014325
2188 0.028955 0.014663
2189 0.029440 0.015000
2190 0.028955 0.015430
2191 0.028470 0.015861
2192 0.027985 0.016291
2193 0.033457 0.017500
2194 0.033842 0.017084
2195 0.034228 0.016668
2196 0.034614 0.016253
2197 0.035000 0.015837
2198 0.035399 0.016253
2199 0.035798 0.016668
2200 0.036197 0.017084
2201 0.036595 0.017500
2202 0.037500 0.016595
2203 0.037084 0.016197
2204 0.036668 0.015798
2205 0.036253 0.015399
2206 0.035837 0.015000
2207 0.036253 0.014599
2208 0.036668 0.014198
2209 0.037084 0.013796
2210 0.037500 0.013395
2211 0.036204 0.012916
2212 0.035802 0.013332
2213 0.035401 0.013747
2214 0.035000 0.014163
2215 0.034710 0.013747
2216 0.034420 0.013332
2217 0.034130 0.012916
2218 0.032916 0.014130
2219 0.033332 0.014420
2220 0.033747 0.014710
2221 0.034163 0.015000
2222 0.033747 0.015386
2223 0.033332 0.015772
2224 0.032916 0.016158
2225 0.038405 0.017500
2226 0.038803 0.017160
2227 0.039202 0.016821
2228 0.039601 0.016481
2229 0.040000 0.016142
2230 0.040358 0.016481
2231 0.040716 0.016821
2232 0.041074 0.017160
2233 0.041431 0.017500
2234 0.042500 0.016431
2235 0.042160 0.016074
2236 0.041821 0.015716
2237 0.041481 0.015358
2238 0.041142 0.015000
2239 0.041481 0.014629
2240 0.041821 0.014258
2241 0.042160 0.013886
2242 0.042500 0.013515
2243 0.041114 0.012840
2244 0.040742 0.013179
2245 0.040371 0.013519
2246 0.040000 0.013858
2247 0.039599 0.013519
2248 0.039198 0.013179
2249 0.038796 0.012840
2250 0.037840 0.013796
2251 0.038179 0.014198
2252 0.038519 0.014599
2253 0.038858 0.015000
2254 0.038519 0.015399
2255 0.038179 0.015798
2256 0.037840 0.016197
2257 0.043569 0.017500
2258 0.043926 0.017061
2259 0.044284 0.016622
2260 0.044642 0.016184
2261 0.045000 0.015745
2262 0.045392 0.016184
2263 0.045784 0.016622
2264 0.046176 0.017061
2265 0.046568 0.017500
2266 0.047500 0.016568
2267 0.047061 0.016176
2268 0.046622 0.015784
2269 0.046184 0.015392
2270 0.045745 0.015000
2271 0.046184 0.014646
2272 0.046622 0.014292
2273 0.047061 0.013938
2274 0.047500 0.013584
2275 0.046062 0.012939
2276 0.045708 0.013378
2277 0.045354 0.013816
2278 0.045000 0.014255
2279 0.044629 0.013816
2280 0.044258 0.013378
2281 0.043886 0.012939
2282 0.042939 0.013886
2283 0.043378 0.014258
2284 0.043816 0.014629
2285 0.044255 0.015000
2286 0.043816 0.015358
2287 0.043378 0.015716
2288 0.042939 0.016074
2289 0.048432 0.017500
2290 0.048824 0.017140
2291 0.049216 0.016781
2292 0.049608 0.016421
2293 0.050000 0.016062
2294 0.050281 0.016421
2295 0.050562 0.016781
2296 0.050843 0.017140
2297 0.051124 0.017500
2298 0.052500 0.016124
2299 0.052140 0.015843
2300 0.051781 0.015562
2301 0.051421 0.015281
2302 0.051062 0.015000
2303 0.051421 0.014689
2304 0.051781 0.014378
2305 0.052140 0.014067
2306 0.052500 0.013757
2307 0.050933 0.012860
2308 0.050622 0.013219
2309 0.050311 0.013579
2310 0.050000 0.013938
2311 0.049646 0.013579
2312 0.049292 0.013219
2313 0.048938 0.012860
2314 0.047860 0.013938
2315 0.048219 0.014292
2316 0.048579 0.014646
2317 0.048938 0.015000
2318 0.048579 0.015392
2319 0.048219 0.015784
2320 0.047860 0.016176
2321 0.053876 0.017500
2322 0.054157 0.017082
2323 0.054438 0.016664
2324 0.054719 0.016246
2325 0.055000 0.015828
2326 0.055388 0.016246
2327 0.055776 0.016664
2328 0.056163 0.017082
2329 0.056551 0.017500
2330 0.057500 0.016551
2331 0.057082 0.016163
2332 0.056664 0.015776
2333 0.056246 0.015388
2334 0.055828 0.015000
2335 0.056246 0.014622
2336 0.056664 0.014245
2337 0.057082 0.013867
2338 0.057500 0.013490
2339 0.056133 0.012918
2340 0.055755 0.013336
2341 0.055378 0.013754
2342 0.055000 0.014172
2343 0.054689 0.013754
2344 0.054378 0.013336
2345 0.054067 0.012918
2346 0.052918 0.014067
2347 0.053336 0.014378
2348 0.053754 0.014689
2349 0.054172 0.015000
2350 0.053754 0.015281
2351 0.053336 0.015562
2352 0.052918 0.015843
2353 0.058449 0.017500
2354 0.058837 0.017202
2355 0.059224 0.016905
2356 0.059612 0.016607
2357 0.060000 0.016310
2358 0.060411 0.016607
2359 0.060822 0.016905
2360 0.061233 0.017202
2361 0.061645 0.017500
2362 0.062500 0.016645
2363 0.062202 0.016233
2364 0.061905 0.015822
2365 0.061607 0.015411
2366 0.061310 0.015000
2367 0.061607 0.014528
2368 0.061905 0.014057
2369 0.062202 0.013585
2370 0.062500 0.013114
2371 0.061415 0.012798
2372 0.060943 0.013095
2373 0.060472 0.013393
2374 0.060000 0.013690
2375 0.059622 0.013393
2376 0.059245 0.013095
2377 0.058867 0.012798
2378 0.057798 0.013867
2379 0.058095 0.014245
2380 0.058393 0.014622
2381 0.058690 0.015000
2382 0.058393 0.015388
2383 0.058095 0.015776
2384 0.057798 0.016163
2385 0.063355 0.017500
2386 0.063767 0.017058
2387 0.064178 0.016617
2388 0.064589 0.016175
2389 0.065000 0.015733
2390 0.065388 0.016175
2391 0.065776 0.016617
2392 0.066164 0.017058
2393 0.066552 0.017500
2394 0.067500 0.016552
2395 0.067058 0.016164
2396 0.066617 0.015776
2397 0.066175 0.015388
2398 0.065733 0.015000
2399 0.066175 0.014591
2400 0.066617 0.014182
2401 0.067058 0.013773
2402 0.067500 0.013364
2403 0.066227 0.012942
2404 0.065818 0.013383
2405 0.065409 0.013825
2406 0.065000 0.014267
2407 0.064528 0.013825
2408 0.064057 0.013383
2409 0.063585 0.012942
2410 0.062942 0.013585
2411 0.063383 0.014057
2412 0.063825 0.014528
2413 0.064267 0.015000
2414 0.063825 0.015411
2415 0.063383 0.015822
2416 0.062942 0.016233
2417 0.068448 0.017500
2418 0.068836 0.017034
2419 0.069224 0.016569
2420 0.069612 0.016103
2421 0.070000 0.015638
2422 0.070271 0.016103
2423 0.070543 0.016569
2424 0.070814 0.017034
2425 0.071086 0.017500
2426 0.072500 0.016086
2427 0.072034 0.015814
2428 0.071569 0.015543
2429 0.071103 0.015271
2430 0.070638 0.015000
2431 0.071103 0.014699
2432 0.071569 0.014398
2433 0.072034 0.014097
2434 0.072500 0.013795
2435 0.070903 0.012966
2436 0.070602 0.013431
2437 0.070301 0.013897
2438 0.070000 0.014362
2439 0.069591 0.013897
2440 0.069182 0.013431
2441 0.068773 0.012966
2442 0.067966 0.013773
2443 0.068431 0.014182
2444 0.068897 0.014591
2445 0.069362 0.015000
2446 0.068897 0.015388
2447 0.068431 0.015776
2448 0.067966 0.016164
2449 0.073914 0.017500
2450 0.074186 0.017098
2451 0.074457 0.016696
2452 0.074729 0.016295
2453 0.075000 0.015893
2454 0.075436 0.016295
2455 0.075871 0.016696
2456 0.076307 0.017098
2457 0.076743 0.017500
2458 0.077500 0.016743
2459 0.077098 0.016307
2460 0.076696 0.015871
2461 0.076295 0.015436
2462 0.075893 0.015000
2463 0.076295 0.014658
2464 0.076696 0.014317
2465 0.077098 0.013975
2466 0.077500 0.013634
2467 0.076025 0.012902
2468 0.075683 0.013304
2469 0.075342 0.013705
2470 0.075000 0.014107
2471 0.074699 0.013705
2472 0.074398 0.013304
2473 0.074097 0.012902
2474 0.072902 0.014097
2475 0.073304 0.014398
2476 0.073705 0.014699
2477 0.074107 0.015000
2478 0.073705 0.015271
2479 0.073304 0.015543
2480 0.072902 0.015814
2481 0.078257 0.017500
2482 0.078693 0.017075
2483 0.079129 0.016651
2484 0.079564 0.016226
2485 0.080000 0.015801
2486 0.080420 0.016226
2487 0.080839 0.016651
2488 0.081259 0.017075
2489 0.081678 0.017500
2490 0.082500 0.016678
2491 0.082075 0.016259
2492 0.081651 0.015839
2493 0.081226 0.015420
2494 0.080801 0.015000
2495 0.081226 0.014649
2496 0.081651 0.014299
2497 0.082075 0.013948
2498 0.082500 0.013597
2499 0.081052 0.012925
2500 0.080701 0.013349
2501 0.080351 0.013774
2502 0.080000 0.014199
2503 0.079658 0.013774
2504 0.079317 0.013349
2505 0.078975 0.012925
2506 0.077925 0.013975
2507 0.078349 0.014317
2508 0.078774 0.014658
2509 0.079199 0.015000
2510 0.078774 0.015436
2511 0.078349 0.015871
2512 0.077925 0.016307
2513 0.083322 0.017500
2514 0.083741 0.017042
2515 0.084161 0.016584
2516 0.084580 0.016126
2517 0.085000 0.015668
2518 0.085362 0.016126
2519 0.085723 0.016584
2520 0.086085 0.017042
2521 0.086446 0.017500
2522 0.087500 0.016446
2523 0.087042 0.016085
2524 0.086584 0.015723
2525 0.086126 0.015362
2526 0.085668 0.015000
2527 0.086126 0.014616
2528 0.086584 0.014232
2529 0.087042 0.013848
2530 0.087500 0.013465
2531 0.086152 0.012958
2532 0.085768 0.013416
2533 0.085384 0.013874
2534 0.085000 0.014332
2535 0.084649 0.013874
2536 0.084299 0.013416
2537 0.083948 0.012958
2538 0.082958 0.013948
2539 0.083416 0.014299
2540 0.083874 0.014649
2541 0.084332 0.015000
2542 0.083874 0.015420
2543 0.083416 0.015839
2544 0.082958 0.016259
2545 0.088554 0.017500
2546 0.088915 0.017072
2547 0.089277 0.016644
2548 0.089638 0.016216
2549 0.090000 0.015787
2550 0.090441 0.016216
2551 0.090882 0.016644
2552 0.091323 0.017072
2553 0.091765 0.017500
2554 0.092500 0.016765
2555 0.092072 0.016323
2556 0.091644 0.015882
2557 0.091216 0.015441
2558 0.090787 0.015000
2559 0.091216 0.014662
2560 0.091644 0.014323
2561 0.092072 0.013985
2562 0.092500 0.013646
2563 0.091015 0.012928
2564 0.090677 0.013356
2565 0.090338 0.013784
2566 0.090000 0.014213
2567 0.089616 0.013784
2568 0.089232 0.013356
2569 0.088848 0.012928
2570 0.087928 0.013848
2571 0.088356 0.014232
2572 0.088784 0.014616
2573 0.089213 0.015000
2574 0.088784 0.015362
2575 0.088356 0.015723
2576 0.087928 0.016085
2577 0.093235 0.017500
2578 0.093677 0.017068
2579 0.094118 0.016637
2580 0.094559 0.016205
2581 0.095000 0.015773
2582 0.095459 0.016205
2583 0.095918 0.016637
2584 0.096377 0.017068
2585 0.096836 0.017500
2586 0.097500 0.016836
2587 0.097068 0.016377
2588 0.096637 0.015918
2589 0.096205 0.015459
2590 0.095773 0.015000
2591 0.096205 0.014678
2592 0.096637 0.014356
2593 0.097068 0.014033
2594 0.097500 0.013711
2595 0.095967 0.012932
2596 0.095644 0.013363
2597 0.095322 0.013795
2598 0.095000 0.014227
2599 0.094662 0.013795
2600 0.094323 0.013363
2601 0.093985 0.012932
2602 0.092932 0.013985
2603 0.093363 0.014323
2604 0.093795 0.014662
2605 0.094227 0.015000
2606 0.093795 0.015441
2607 0.093363 0.015882
2608 0.092932 0.016323
2609 -0.001383 0.022500
2610 -0.001037 0.022170
2611 -0.000692 0.021839
2612 -0.000346 0.021509
2613 0.000000 0.021179
2614 0.000420 0.021509
2615 0.000841 0.021839
2616 0.001261 0.022170
2617 0.001682 0.022500
2618 0.002500 0.021682
2619 0.002170 0.021261
2620 0.001839 0.020841
2621 0.001509 0.020420
2622 0.001179 0.020000
2623 0.001509 0.019610
2624 0.001839 0.019220
2625 0.002170 0.018830
2626 0.002500 0.018440
2627 0.001170 0.017830
2628 0.000780 0.018161
2629 0.000390 0.018491
2630 0.000000 0.018821
2631 -0.000344 0.018491
2632 -0.000689 0.018161
2633 -0.001033 0.017830
2634 -0.002500 0.018622
2635 -0.002170 0.018967
2636 -0.001839 0.019311
2637 -0.001509 0.019656
2638 -0.001179 0.020000
2639 -0.001509 0.020346
2640 -0.001839 0.020692
2641 -0.002170 0.021037
2642 -0.002500 0.021383
2643 0.003318 0.022500
2644 0.003739 0.022078
2645 0.004159 0.021655
2646 0.004580 0.021233
2647 0.005000 0.020810
2648 0.005425 0.021233
2649 0.005850 0.021655
2650 0.006275 0.022078
2651 0.006699 0.022500
2652 0.007500 0.021699
2653 0.007078 0.021275
2654 0.006655 0.020850
2655 0.006233 0.020425
2656 0.005810 0.020000
2657 0.006233 0.019594
2658 0.006655 0.019189
2659 0.007078 0.018783
2660 0.007500 0.018378
2661 0.006217 0.017922
2662 0.005811 0.018345
2663 0.005406 0.018767
2664 0.005000 0.019190
2665 0.004610 0.018767
2666 0.004220 0.018345
2667 0.003830 0.017922
2668 0.002922 0.018830
2669 0.003345 0.019220
2670 0.003767 0.019610
2671 0.004190 0.020000
2672 0.003767 0.020420
2673 0.003345 0.020841
2674 0.002922 0.021261
2675 0.008301 0.022500
2676 0.008725 0.022139
2677 0.009150 0.021778
2678 0.009575 0.021417
2679 0.010000 0.021056
2680 0.010325 0.021417
2681 0.010649 0.021778
2682 0.010974 0.022139
2683 0.011298 0.022500
2684 0.012500 0.021298
2685 0.012139 0.020974
2686 0.011778 0.020649
2687 0.011417 0.020325
2688 0.011056 0.020000
2689 0.011417 0.019724
2690 0.011778 0.019449
2691 0.012139 0.019173
2692 0.012500 0.018898
2693 0.010827 0.017861
2694 0.010551 0.018222
2695 0.010276 0.018583
2696 0.010000 0.018944
2697 0.009594 0.018583
2698 0.009189 0.018222
2699 0.008783 0.017861
2700 0.007861 0.018783
2701 0.008222 0.019189
2702 0.008583 0.019594
2703 0.008944 0.020000
2704 0.008583 0.020425
2705 0.008222 0.020850
2706 0.007861 0.021275
2707 0.013702 0.022500
2708 0.014026 0.022071
2709 0.014351 0.021642
2710 0.014675 0.021213
2711 0.015000 0.020784
2712 0.015344 0.021213
2713 0.015688 0.021642
2714 0.016032 0.022071
2715 0.016376 0.022500
2716 0.017500 0.021376
2717 0.017071 0.021032
2718 0.016642 0.020688
2719 0.016213 0.020344
2720 0.015784 0.020000
2721 0.016213 0.019492
2722 0.016642 0.018984
2723 0.017071 0.018475
2724 0.017500 0.017967
2725 0.016525 0.017929
2726 0.016016 0.018358
2727 0.015508 0.018787
2728 0.015000 0.019216
2729 0.014724 0.018787
2730 0.014449 0.018358
2731 0.014173 0.017929
2732 0.012929 0.019173
2733 0.013358 0.019449
2734 0.013787 0.019724
2735 0.014216 0.020000
2736 0.013787 0.020325
2737 0.013358 0.020649
2738 0.012929 0.020974
2739 0.018624 0.022500
2740 0.018968 0.022166
2741 0.019312 0.021833
2742 0.019656 0.021499
2743 0.020000 0.021166
2744 0.020286 0.021499
2745 0.020573 0.021833
2746 0.020859 0.022166
2747 0.021145 0.022500
2748 0.022500 0.021145
2749 0.022166 0.020859
2750 0.021833 0.020573
2751 0.021499 0.020286
2752 0.021166 0.020000
2753 0.021499 0.019625
2754 0.021833 0.019250
2755 0.022166 0.018875
2756 0.022500 0.018500
2757 0.021125 0.017834
2758 0.020750 0.018167
2759 0.020375 0.018501
2760 0.020000 0.018834
2761 0.019492 0.018501
2762 0.018984 0.018167
2763 0.018475 0.017834
2764 0.017834 0.018475
2765 0.018167 0.018984
2766 0.018501 0.019492
2767 0.018834 0.020000
2768 0.018501 0.020344
2769 0.018167 0.020688
2770 0.017834 0.021032
2771 0.023855 0.022500
2772 0.024141 0.022084
2773 0.024427 0.021668
2774 0.024714 0.021252
2775 0.025000 0.020836
2776 0.025400 0.021252
2777 0.025800 0.021668
2778 0.026201 0.022084
2779 0.026601 0.022500
2780 0.027500 0.021601
2781 0.027084 0.021201
2782 0.026668 0.020800
2783 0.026252 0.020400
2784 0.025836 0.020000
2785 0.026252 0.019570
2786 0.026668 0.019139
2787 0.027084 0.018709
2788 0.027500 0.018279
2789 0.026291 0.017916
2790 0.025861 0.018332
2791 0.025430 0.018748
2792 0.025000 0.019164
2793 0.024625 0.018748
2794 0.024250 0.018332
2795 0.023875 0.017916
2796 0.022916 0.018875
2797 0.023332 0.019250
2798 0.023748 0.019625
2799 0.024164 0.020000
2800 0.023748 0.020286
2801 0.023332 0.020573
2802 0.022916 0.020859
2803 0.028399 0.022500
2804 0.028799 0.022045
2805 0.029200 0.021591
2806 0.029600 0.021136
2807 0.030000 0.020682
2808 0.030441 0.021136
2809 0.030881 0.021591
2810 0.031322 0.022045
2811 0.031762 0.022500
2812 0.032500 0.021762
2813 0.032045 0.021322
2814 0.031591 0.020881
2815 0.031136 0.020441
2816 0.030682 0.020000
2817 0.031136 0.019614
2818 0.031591 0.019228
2819 0.032045 0.018842
2820 0.032500 0.018457
2821 0.031158 0.017955
2822 0.030772 0.018409
2823 0.030386 0.018864
2824 0.030000 0.019318
2825 0.029570 0.018864
2826 0.029139 0.018409
2827 0.028709 0.017955
2828 0.027955 0.018709
2829 0.028409 0.019139
2830 0.028864 0.019570
2831 0.029318 0.020000
2832 0.028864 0.020400
2833 0.028409 0.020800
2834 0.027955 0.021201
2835 0.033238 0.022500
2836 0.033678 0.022007
2837 0.034119 0.021515
2838 0.034559 0.021022
2839 0.035000 0.020529
2840 0.035321 0.021022
2841 0.035643 0.021515
2842 0.035964 0.022007
2843 0.036286 0.022500
2844 0.037500 0.021286
2845 0.037007 0.020964
2846 0.036515 0.020643
2847 0.036022 0.020321
2848 0.035529 0.020000
2849 0.036022 0.019601
2850 0.036515 0.019202
2851 0.037007 0.018803
2852 0.037500 0.018405
2853 0.036197 0.017993
2854 0.035798 0.018485
2855 0.035399 0.018978
2856 0.035000 0.019471
2857 0.034614 0.018978
2858 0.034228 0.018485
2859 0.033842 0.017993
2860 0.032993 0.018842
2861 0.033485 0.019228
2862 0.033978 0.019614
2863 0.034471 0.020000
2864 0.033978 0.020441
2865 0.033485 0.020881
2866 0.032993 0.021322
2867 0.038714 0.022500
2868 0.039036 0.022161
2869 0.039357 0.021822
2870 0.039679 0.021483
2871 0.040000 0.021144
2872 0.040375 0.021483
2873 0.040750 0.021822
2874 0.041125 0.022161
2875 0.041501 0.022500
2876 0.042500 0.021501
2877 0.042161 0.021125
2878 0.041822 0.020750
2879 0.041483 0.020375
2880 0.041144 0.020000
2881 0.041483 0.019642
2882 0.041822 0.019284
2883 0.042161 0.018926
2884 0.042500 0.018569
2885 0.041074 0.017839
2886 0.040716 0.018178
2887 0.040358 0.018517
2888 0.040000 0.018856
2889 0.039601 0.018517
2890 0.039202 0.018178
2891 0.038803 0.017839
2892 0.037839 0.018803
2893 0.038178 0.019202
2894 0.038517 0.019601
2895 0.038856 0.020000
2896 0.038517 0.020321
2897 0.038178 0.020643
2898 0.037839 0.020964
2899 0.043499 0.022500
2900 0.043875 0.022096
2901 0.044250 0.021691
2902 0.044625 0.021287
2903 0.045000 0.020882
2904 0.045354 0.021287
2905 0.045708 0.021691
2906 0.046062 0.022096
2907 0.046416 0.022500
2908 0.047500 0.021416
2909 0.047096 0.021062
2910 0.046691 0.020708
2911 0.046287 0.020354
2912 0.045882 0.020000
2913 0.046287 0.019608
2914 0.046691 0.019216
2915 0.047096 0.018824
2916 0.047500 0.018432
2917 0.046176 0.017904
2918 0.045784 0.018309
2919 0.045392 0.018713
2920 0.045000 0.019118
2921 0.044642 0.018713
2922 0.044284 0.018309
2923 0.043926 0.017904
2924 0.042904 0.018926
2925 0.043309 0.019284
2926 0.043713 0.019642
2927 0.044118 0.020000
2928 0.043713 0.020375
2929 0.043309 0.020750
2930 0.042904 0.021125
2931 0.048584 0.022500
2932 0.048938 0.022159
2933 0.049292 0.021818
2934 0.049646 0.021478
2935 0.050000 0.021137
2936 0.050305 0.021478
2937 0.050610 0.021818
2938 0.050915 0.022159
2939 0.051220 0.022500
2940 0.052500 0.021220
2941 0.052159 0.020915
2942 0.051818 0.020610
2943 0.051478 0.020305
2944 0.051137 0.020000
2945 0.051478 0.019719
2946 0.051818 0.019438
2947 0.052159 0.019157
2948 0.052500 0.018876
2949 0.050843 0.017841
2950 0.050562 0.018182
2951 0.050281 0.018522
2952 0.050000 0.018863
2953 0.049608 0.018522
2954 0.049216 0.018182
2955 0.048824 0.017841
2956 0.047841 0.018824
2957 0.048182 0.019216
2958 0.048522 0.019608
2959 0.048863 0.020000
2960 0.048522 0.020354
2961 0.048182 0.020708
2962 0.047841 0.021062
2963 0.053780 0.022500
2964 0.054085 0.022087
2965 0.054390 0.021674
2966 0.054695 0.021261
2967 0.055000 0.020848
2968 0.055414 0.021261
2969 0.055828 0.021674
2970 0.056242 0.022087
2971 0.056656 0.022500
2972 0.057500 0.021656
2973 0.057087 0.021242
2974 0.056674 0.020828
2975 0.056261 0.020414
2976 0.055848 0.020000
2977 0.056261 0.019612
2978 0.056674 0.019224
2979 0.057087 0.018837
2980 0.057500 0.018449
2981 0.056163 0.017913
2982 0.055776 0.018326
2983 0.055388 0.018739
2984 0.055000 0.019152
2985 0.054719 0.018739
2986 0.054438 0.018326
2987 0.054157 0.017913
2988 0.052913 0.019157
2989 0.053326 0.019438
2990 0.053739 0.019719
2991 0.054152 0.020000
2992 0.053739 0.020305
2993 0.053326 0.020610
2994 0.052913 0.020915
2995 0.058344 0.022500
2996 0.058758 0.022124
2997 0.059172 0.021748
2998 0.059586 0.021373
2999 0.060000 0.020997
3000 0.060312 0.021373
3001 0.060625 0.021748
3002 0.060937 0.022124
3003 0.061250 0.022500
3004 0.062500 0.021250
3005 0.062124 0.020937
3006 0.061748 0.020625
3007 0.061373 0.020312
3008 0.060997 0.020000
3009 0.061373 0.019589
3010 0.061748 0.019178
3011 0.062124 0.018767
3012 0.062500 0.018355
3013 0.061233 0.017876
3014 0.060822 0.018252
3015 0.060411 0.018627
3016 0.060000 0.019003
3017 0.059612 0.018627
3018 0.059224 0.018252
3019 0.058837 0.017876
3020 0.057876 0.018837
3021 0.058252 0.019224
3022 0.058627 0.019612
3023 0.059003 0.020000
3024 0.058627 0.020414
3025 0.058252 0.020828
3026 0.057876 0.021242
3027 0.063750 0.022500
3028 0.064063 0.022065
3029 0.064375 0.021631
3030 0.064688 0.021196
3031 0.065000 0.020762
3032 0.065445 0.021196
3033 0.065890 0.021631
3034 0.066335 0.022065
3035 0.066780 0.022500
3036 0.067500 0.021780
3037 0.067065 0.021335
3038 0.066631 0.020890
3039 0.066196 0.020445
3040 0.065762 0.020000
3041 0.066196 0.019612
3042 0.066631 0.019224
3043 0.067065 0.018836
3044 0.067500 0.018448
3045 0.066164 0.017935
3046 0.065776 0.018369
3047 0.065388 0.018804
3048 0.065000 0.019238
3049 0.064589 0.018804
3050 0.064178 0.018369
3051 0.063767 0.017935
3052 0.062935 0.018767
3053 0.063369 0.019178
3054 0.063804 0.019589
3055 0.064238 0.020000
3056 0.063804 0.020312
3057 0.063369 0.020625
3058 0.062935 0.020937
3059 0.068220 0.022500
3060 0.068665 0.022200
3061 0.069110 0.021901
3062 0.069555 0.021601
3063 0.070000 0.021301
3064 0.070400 0.021601
3065 0.070800 0.021901
3066 0.071200 0.022200
3067 0.071599 0.022500
3068 0.072500 0.021599
3069 0.072200 0.021200
3070 0.071901 0.020800
3071 0.071601 0.020400
3072 0.071301 0.020000
3073 0.071601 0.019729
3074 0.071901 0.019457
3075 0.072200 0.019186
3076 0.072500 0.018914
3077 0.070814 0.017800
3078 0.070543 0.018099
3079 0.070271 0.018399
3080 0.070000 0.018699
3081 0.069612 0.018399
3082 0.069224 0.018099
3083 0.068836 0.017800
3084 0.067800 0.018836
3085 0.068099 0.019224
3086 0.068399 0.019612
3087 0.068699 0.020000
3088 0.068399 0.020445
3089 0.068099 0.020890
3090 0.067800 0.021335
3091 0.073401 0.022500
3092 0.073800 0.022026
3093 0.074200 0.021552
3094 0.074600 0.021077
3095 0.075000 0.020603
3096 0.075391 0.021077
3097 0.075781 0.021552
3098 0.076172 0.022026
3099 0.076563 0.022500
3100 0.077500 0.021563
3101 0.077026 0.021172
3102 0.076552 0.020781
3103 0.076077 0.020391
3104 0.075603 0.020000
3105 0.076077 0.019564
3106 0.076552 0.019129
3107 0.077026 0.018693
3108 0.077500 0.018257
3109 0.076307 0.017974
3110 0.075871 0.018448
3111 0.075436 0.018923
3112 0.075000 0.019397
3113 0.074729 0.018923
3114 0.074457 0.018448
3115 0.074186 0.017974
3116 0.072974 0.019186
3117 0.073448 0.019457
3118 0.073923 0.019729
3119 0.074397 0.020000
3120 0.073923 0.020400
3121 0.073448 0.020800
3122 0.072974 0.021200
3123 0.078437 0.022500
3124 0.078828 0.022111
3125 0.079219 0.021722
3126 0.079609 0.021333
3127 0.080000 0.020944
3128 0.080409 0.021333
3129 0.080817 0.021722
3130 0.081226 0.022111
3131 0.081634 0.022500
3132 0.082500 0.021634
3133 0.082111 0.021226
3134 0.081722 0.020817
3135 0.081333 0.020409
3136 0.080944 0.020000
3137 0.081333 0.019580
3138 0.081722 0.019161
3139 0.082111 0.018741
3140 0.082500 0.018322
3141 0.081259 0.017889
3142 0.080839 0.018278
3143 0.080420 0.018667
3144 0.080000 0.019056
3145 0.079564 0.018667
3146 0.079129 0.018278
3147 0.078693 0.017889
3148 0.077889 0.018693
3149 0.078278 0.019129
3150 0.078667 0.019564
3151 0.079056 0.020000
3152 0.078667 0.020391
3153 0.078278 0.020781
3154 0.077889 0.021172
3155 0.083366 0.022500
3156 0.083774 0.022181
3157 0.084183 0.021862
3158 0.084591 0.021544
3159 0.085000 0.021225
3160 0.085375 0.021544
3161 0.085749 0.021862
3162 0.086124 0.022181
3163 0.086498 0.022500
3164 0.087500 0.021498
3165 0.087181 0.021124
3166 0.086862 0.020749
3167 0.086544 0.020375
3168 0.086225 0.020000
3169 0.086544 0.019638
3170 0.086862 0.019277
3171 0.087181 0.018915
3172 0.087500 0.018554
3173 0.086085 0.017819
3174 0.085723 0.018138
3175 0.085362 0.018456
3176 0.085000 0.018775
3177 0.084580 0.018456
3178 0.084161 0.018138
3179 0.083741 0.017819
3180 0.082819 0.018741
3181 0.083138 0.019161
3182 0.083456 0.019580
3183 0.083775 0.020000
3184 0.083456 0.020409
3185 0.083138 0.020817
3186 0.082819 0.021226
3187 0.088502 0.022500
3188 0.088876 0.022200
3189 0.089251 0.021901
3190 0.089625 0.021601
3191 0.090000 0.021301
3192 0.090346 0.021601
3193 0.090693 0.021901
3194 0.091039 0.022200
3195 0.091385 0.022500
3196 0.092500 0.021385
3197 0.092200 0.021039
3198 0.091901 0.020693
3199 0.091601 0.020346
3200 0.091301 0.020000
3201 0.091601 0.019559
3202 0.091901 0.019118
3203 0.092200 0.018677
3204 0.092500 0.018235
3205 0.091323 0.017800
3206 0.090882 0.018099
3207 0.090441 0.018399
3208 0.090000 0.018699
3209 0.089638 0.018399
3210 0.089277 0.018099
3211 0.088915 0.017800
3212 0.087800 0.018915
3213 0.088099 0.019277
3214 0.088399 0.019638
3215 0.088699 0.020000
3216 0.088399 0.020375
3217 0.088099 0.020749
3218 0.087800 0.021124
3219 0.093615 0.022500
3220 0.093961 0.022031
3221 0.094307 0.021561
3222 0.094654 0.021092
3223 0.095000 0.020622
3224 0.095389 0.021092
3225 0.095778 0.021561
3226 0.096166 0.022031
3227 0.096555 0.022500
3228 0.097500 0.021555
3229 0.097031 0.021166
3230 0.096561 0.020778
3231 0.096092 0.020389
3232 0.095622 0.020000
3233 0.096092 0.019541
3234 0.096561 0.019082
3235 0.097031 0.018623
3236 0.097500 0.018164
3237 0.096377 0.017969
3238 0.095918 0.018439
3239 0.095459 0.018908
3240 0.095000 0.019378
3241 0.094559 0.018908
3242 0.094118 0.018439
3243 0.093677 0.017969
3244 0.092969 0.018677
3245 0.093439 0.019118
3246 0.093908 0.019559
3247 0.094378 0.020000
3248 0.093908 0.020346
3249 0.093439 0.020693
3250 0.092969 0.021039
3251 -0.003669 0.002500
3252 0.002500 -0.003715
3253 -0.003337 -0.002500
3254 -0.002500 -0.003337
3255 0.007500 -0.003139
3256 0.012500 -0.003112
3257 0.017500 -0.003643
3258 0.022500 -0.003722
3259 0.027500 -0.003741
3260 0.032500 -0.003482
3261 0.037500 -0.003762
3262 0.042500 -0.003567
3263 0.047500 -0.003795
3264 0.052500 -0.003130
3265 0.057500 -0.003334
3266 0.062500 -0.003514
3267 0.067500 -0.003323
3268 0.072500 -0.003545
3269 0.077500 -0.003381
3270 0.082500 -0.003070
3271 0.087500 -0.002963
3272 0.092500 -0.003565
3273 0.098387 0.002500
3274 0.098231 -0.002500
3275 0.097500 -0.003231
3276 -0.003356 0.007500
3277 0.098433 0.007500
3278 -0.002900 0.012500
3279 0.098711 0.012500
3280 -0.003622 0.017500
3281 0.098164 0.017500
3282 -0.002500 0.023617
3283 -0.003617 0.022500
3284 0.002500 0.023318
3285 0.007500 0.023301
3286 0.012500 0.023702
3287 0.017500 0.023624
3288 0.022500 0.023855
3289 0.027500 0.023399
3290 0.032500 0.023238
3291 0.037500 0.023714
3292 0.042500 0.023499
3293 0.047500 0.023584
3294 0.052500 0.023780
3295 0.057500 0.023344
3296 0.062500 0.023750
3297 0.067500 0.023220
3298 0.072500 0.023401
3299 0.077500 0.023437
3300 0.082500 0.023366
3301 0.087500 0.023502
3302 0.092500 0.023615
3303 0.098445 0.022500
3304 0.097500 0.023445
